location,age_group,forecast_date,target_end_date,target,type,quantile,value,pathogen
DE,00+,2022-02-11,2022-01-14,-28 day ahead inc hosp,quantile,0.025,4680,COVID-19
DE,00-04,2022-02-11,2022-01-14,-28 day ahead inc hosp,quantile,0.025,198,COVID-19
DE,05-14,2022-02-11,2022-01-14,-28 day ahead inc hosp,quantile,0.025,178,COVID-19
DE,15-34,2022-02-11,2022-01-14,-28 day ahead inc hosp,quantile,0.025,874,COVID-19
DE,35-59,2022-02-11,2022-01-14,-28 day ahead inc hosp,quantile,0.025,1237,COVID-19
DE,60-79,2022-02-11,2022-01-14,-28 day ahead inc hosp,quantile,0.025,1190,COVID-19
DE,80+,2022-02-11,2022-01-14,-28 day ahead inc hosp,quantile,0.025,988,COVID-19
DE,00+,2022-02-11,2022-01-15,-27 day ahead inc hosp,quantile,0.025,4731,COVID-19
DE,00-04,2022-02-11,2022-01-15,-27 day ahead inc hosp,quantile,0.025,209,COVID-19
DE,05-14,2022-02-11,2022-01-15,-27 day ahead inc hosp,quantile,0.025,190,COVID-19
DE,15-34,2022-02-11,2022-01-15,-27 day ahead inc hosp,quantile,0.025,855,COVID-19
DE,35-59,2022-02-11,2022-01-15,-27 day ahead inc hosp,quantile,0.025,1270,COVID-19
DE,60-79,2022-02-11,2022-01-15,-27 day ahead inc hosp,quantile,0.025,1192,COVID-19
DE,80+,2022-02-11,2022-01-15,-27 day ahead inc hosp,quantile,0.025,999,COVID-19
DE,00+,2022-02-11,2022-01-16,-26 day ahead inc hosp,quantile,0.025,4758,COVID-19
DE,00-04,2022-02-11,2022-01-16,-26 day ahead inc hosp,quantile,0.025,212,COVID-19
DE,05-14,2022-02-11,2022-01-16,-26 day ahead inc hosp,quantile,0.025,187,COVID-19
DE,15-34,2022-02-11,2022-01-16,-26 day ahead inc hosp,quantile,0.025,862,COVID-19
DE,35-59,2022-02-11,2022-01-16,-26 day ahead inc hosp,quantile,0.025,1283,COVID-19
DE,60-79,2022-02-11,2022-01-16,-26 day ahead inc hosp,quantile,0.025,1185,COVID-19
DE,80+,2022-02-11,2022-01-16,-26 day ahead inc hosp,quantile,0.025,1011,COVID-19
DE,00+,2022-02-11,2022-01-17,-25 day ahead inc hosp,quantile,0.025,4791,COVID-19
DE,00-04,2022-02-11,2022-01-17,-25 day ahead inc hosp,quantile,0.025,221,COVID-19
DE,05-14,2022-02-11,2022-01-17,-25 day ahead inc hosp,quantile,0.025,188,COVID-19
DE,15-34,2022-02-11,2022-01-17,-25 day ahead inc hosp,quantile,0.025,855,COVID-19
DE,35-59,2022-02-11,2022-01-17,-25 day ahead inc hosp,quantile,0.025,1280,COVID-19
DE,60-79,2022-02-11,2022-01-17,-25 day ahead inc hosp,quantile,0.025,1203,COVID-19
DE,80+,2022-02-11,2022-01-17,-25 day ahead inc hosp,quantile,0.025,1029,COVID-19
DE,00+,2022-02-11,2022-01-18,-24 day ahead inc hosp,quantile,0.025,4939,COVID-19
DE,00-04,2022-02-11,2022-01-18,-24 day ahead inc hosp,quantile,0.025,234,COVID-19
DE,05-14,2022-02-11,2022-01-18,-24 day ahead inc hosp,quantile,0.025,204,COVID-19
DE,15-34,2022-02-11,2022-01-18,-24 day ahead inc hosp,quantile,0.025,886,COVID-19
DE,35-59,2022-02-11,2022-01-18,-24 day ahead inc hosp,quantile,0.025,1272,COVID-19
DE,60-79,2022-02-11,2022-01-18,-24 day ahead inc hosp,quantile,0.025,1234,COVID-19
DE,80+,2022-02-11,2022-01-18,-24 day ahead inc hosp,quantile,0.025,1089,COVID-19
DE,00+,2022-02-11,2022-01-19,-23 day ahead inc hosp,quantile,0.025,5192,COVID-19
DE,00-04,2022-02-11,2022-01-19,-23 day ahead inc hosp,quantile,0.025,241,COVID-19
DE,05-14,2022-02-11,2022-01-19,-23 day ahead inc hosp,quantile,0.025,213,COVID-19
DE,15-34,2022-02-11,2022-01-19,-23 day ahead inc hosp,quantile,0.025,946,COVID-19
DE,35-59,2022-02-11,2022-01-19,-23 day ahead inc hosp,quantile,0.025,1336,COVID-19
DE,60-79,2022-02-11,2022-01-19,-23 day ahead inc hosp,quantile,0.025,1291,COVID-19
DE,80+,2022-02-11,2022-01-19,-23 day ahead inc hosp,quantile,0.025,1141,COVID-19
DE,00+,2022-02-11,2022-01-20,-22 day ahead inc hosp,quantile,0.025,5464,COVID-19
DE,00-04,2022-02-11,2022-01-20,-22 day ahead inc hosp,quantile,0.025,256,COVID-19
DE,05-14,2022-02-11,2022-01-20,-22 day ahead inc hosp,quantile,0.025,224,COVID-19
DE,15-34,2022-02-11,2022-01-20,-22 day ahead inc hosp,quantile,0.025,974,COVID-19
DE,35-59,2022-02-11,2022-01-20,-22 day ahead inc hosp,quantile,0.025,1420,COVID-19
DE,60-79,2022-02-11,2022-01-20,-22 day ahead inc hosp,quantile,0.025,1365,COVID-19
DE,80+,2022-02-11,2022-01-20,-22 day ahead inc hosp,quantile,0.025,1201,COVID-19
DE,00+,2022-02-11,2022-01-21,-21 day ahead inc hosp,quantile,0.025,5692,COVID-19
DE,00-04,2022-02-11,2022-01-21,-21 day ahead inc hosp,quantile,0.025,266,COVID-19
DE,05-14,2022-02-11,2022-01-21,-21 day ahead inc hosp,quantile,0.025,252,COVID-19
DE,15-34,2022-02-11,2022-01-21,-21 day ahead inc hosp,quantile,0.025,1037,COVID-19
DE,35-59,2022-02-11,2022-01-21,-21 day ahead inc hosp,quantile,0.025,1465.975,COVID-19
DE,60-79,2022-02-11,2022-01-21,-21 day ahead inc hosp,quantile,0.025,1403,COVID-19
DE,80+,2022-02-11,2022-01-21,-21 day ahead inc hosp,quantile,0.025,1241,COVID-19
DE,00+,2022-02-11,2022-01-22,-20 day ahead inc hosp,quantile,0.025,5975,COVID-19
DE,00-04,2022-02-11,2022-01-22,-20 day ahead inc hosp,quantile,0.025,293,COVID-19
DE,05-14,2022-02-11,2022-01-22,-20 day ahead inc hosp,quantile,0.025,273.975,COVID-19
DE,15-34,2022-02-11,2022-01-22,-20 day ahead inc hosp,quantile,0.025,1101,COVID-19
DE,35-59,2022-02-11,2022-01-22,-20 day ahead inc hosp,quantile,0.025,1523,COVID-19
DE,60-79,2022-02-11,2022-01-22,-20 day ahead inc hosp,quantile,0.025,1462,COVID-19
DE,80+,2022-02-11,2022-01-22,-20 day ahead inc hosp,quantile,0.025,1293,COVID-19
DE,00+,2022-02-11,2022-01-23,-19 day ahead inc hosp,quantile,0.025,6079,COVID-19
DE,00-04,2022-02-11,2022-01-23,-19 day ahead inc hosp,quantile,0.025,285,COVID-19
DE,05-14,2022-02-11,2022-01-23,-19 day ahead inc hosp,quantile,0.025,290,COVID-19
DE,15-34,2022-02-11,2022-01-23,-19 day ahead inc hosp,quantile,0.025,1140,COVID-19
DE,35-59,2022-02-11,2022-01-23,-19 day ahead inc hosp,quantile,0.025,1524,COVID-19
DE,60-79,2022-02-11,2022-01-23,-19 day ahead inc hosp,quantile,0.025,1481,COVID-19
DE,80+,2022-02-11,2022-01-23,-19 day ahead inc hosp,quantile,0.025,1330,COVID-19
DE,00+,2022-02-11,2022-01-24,-18 day ahead inc hosp,quantile,0.025,6284,COVID-19
DE,00-04,2022-02-11,2022-01-24,-18 day ahead inc hosp,quantile,0.025,297.975,COVID-19
DE,05-14,2022-02-11,2022-01-24,-18 day ahead inc hosp,quantile,0.025,294,COVID-19
DE,15-34,2022-02-11,2022-01-24,-18 day ahead inc hosp,quantile,0.025,1198,COVID-19
DE,35-59,2022-02-11,2022-01-24,-18 day ahead inc hosp,quantile,0.025,1576,COVID-19
DE,60-79,2022-02-11,2022-01-24,-18 day ahead inc hosp,quantile,0.025,1499.975,COVID-19
DE,80+,2022-02-11,2022-01-24,-18 day ahead inc hosp,quantile,0.025,1386,COVID-19
DE,00+,2022-02-11,2022-01-25,-17 day ahead inc hosp,quantile,0.025,6600,COVID-19
DE,00-04,2022-02-11,2022-01-25,-17 day ahead inc hosp,quantile,0.025,311,COVID-19
DE,05-14,2022-02-11,2022-01-25,-17 day ahead inc hosp,quantile,0.025,316,COVID-19
DE,15-34,2022-02-11,2022-01-25,-17 day ahead inc hosp,quantile,0.025,1238,COVID-19
DE,35-59,2022-02-11,2022-01-25,-17 day ahead inc hosp,quantile,0.025,1653,COVID-19
DE,60-79,2022-02-11,2022-01-25,-17 day ahead inc hosp,quantile,0.025,1581,COVID-19
DE,80+,2022-02-11,2022-01-25,-17 day ahead inc hosp,quantile,0.025,1467,COVID-19
DE,00+,2022-02-11,2022-01-26,-16 day ahead inc hosp,quantile,0.025,6899,COVID-19
DE,00-04,2022-02-11,2022-01-26,-16 day ahead inc hosp,quantile,0.025,341,COVID-19
DE,05-14,2022-02-11,2022-01-26,-16 day ahead inc hosp,quantile,0.025,336,COVID-19
DE,15-34,2022-02-11,2022-01-26,-16 day ahead inc hosp,quantile,0.025,1284,COVID-19
DE,35-59,2022-02-11,2022-01-26,-16 day ahead inc hosp,quantile,0.025,1686,COVID-19
DE,60-79,2022-02-11,2022-01-26,-16 day ahead inc hosp,quantile,0.025,1674,COVID-19
DE,80+,2022-02-11,2022-01-26,-16 day ahead inc hosp,quantile,0.025,1545,COVID-19
DE,00+,2022-02-11,2022-01-27,-15 day ahead inc hosp,quantile,0.025,7050,COVID-19
DE,00-04,2022-02-11,2022-01-27,-15 day ahead inc hosp,quantile,0.025,343,COVID-19
DE,05-14,2022-02-11,2022-01-27,-15 day ahead inc hosp,quantile,0.025,351,COVID-19
DE,15-34,2022-02-11,2022-01-27,-15 day ahead inc hosp,quantile,0.025,1284,COVID-19
DE,35-59,2022-02-11,2022-01-27,-15 day ahead inc hosp,quantile,0.025,1715,COVID-19
DE,60-79,2022-02-11,2022-01-27,-15 day ahead inc hosp,quantile,0.025,1696,COVID-19
DE,80+,2022-02-11,2022-01-27,-15 day ahead inc hosp,quantile,0.025,1627,COVID-19
DE,00+,2022-02-11,2022-01-28,-14 day ahead inc hosp,quantile,0.025,7227.975,COVID-19
DE,00-04,2022-02-11,2022-01-28,-14 day ahead inc hosp,quantile,0.025,348,COVID-19
DE,05-14,2022-02-11,2022-01-28,-14 day ahead inc hosp,quantile,0.025,343,COVID-19
DE,15-34,2022-02-11,2022-01-28,-14 day ahead inc hosp,quantile,0.025,1284,COVID-19
DE,35-59,2022-02-11,2022-01-28,-14 day ahead inc hosp,quantile,0.025,1757,COVID-19
DE,60-79,2022-02-11,2022-01-28,-14 day ahead inc hosp,quantile,0.025,1752,COVID-19
DE,80+,2022-02-11,2022-01-28,-14 day ahead inc hosp,quantile,0.025,1695,COVID-19
DE,00+,2022-02-11,2022-01-29,-13 day ahead inc hosp,quantile,0.025,7364,COVID-19
DE,00-04,2022-02-11,2022-01-29,-13 day ahead inc hosp,quantile,0.025,351,COVID-19
DE,05-14,2022-02-11,2022-01-29,-13 day ahead inc hosp,quantile,0.025,344,COVID-19
DE,15-34,2022-02-11,2022-01-29,-13 day ahead inc hosp,quantile,0.025,1279,COVID-19
DE,35-59,2022-02-11,2022-01-29,-13 day ahead inc hosp,quantile,0.025,1776,COVID-19
DE,60-79,2022-02-11,2022-01-29,-13 day ahead inc hosp,quantile,0.025,1769.975,COVID-19
DE,80+,2022-02-11,2022-01-29,-13 day ahead inc hosp,quantile,0.025,1778,COVID-19
DE,00+,2022-02-11,2022-01-30,-12 day ahead inc hosp,quantile,0.025,7564,COVID-19
DE,00-04,2022-02-11,2022-01-30,-12 day ahead inc hosp,quantile,0.025,369,COVID-19
DE,05-14,2022-02-11,2022-01-30,-12 day ahead inc hosp,quantile,0.025,353,COVID-19
DE,15-34,2022-02-11,2022-01-30,-12 day ahead inc hosp,quantile,0.025,1321,COVID-19
DE,35-59,2022-02-11,2022-01-30,-12 day ahead inc hosp,quantile,0.025,1820,COVID-19
DE,60-79,2022-02-11,2022-01-30,-12 day ahead inc hosp,quantile,0.025,1804,COVID-19
DE,80+,2022-02-11,2022-01-30,-12 day ahead inc hosp,quantile,0.025,1817.975,COVID-19
DE,00+,2022-02-11,2022-01-31,-11 day ahead inc hosp,quantile,0.025,7567,COVID-19
DE,00-04,2022-02-11,2022-01-31,-11 day ahead inc hosp,quantile,0.025,358,COVID-19
DE,05-14,2022-02-11,2022-01-31,-11 day ahead inc hosp,quantile,0.025,370,COVID-19
DE,15-34,2022-02-11,2022-01-31,-11 day ahead inc hosp,quantile,0.025,1298,COVID-19
DE,35-59,2022-02-11,2022-01-31,-11 day ahead inc hosp,quantile,0.025,1812,COVID-19
DE,60-79,2022-02-11,2022-01-31,-11 day ahead inc hosp,quantile,0.025,1829,COVID-19
DE,80+,2022-02-11,2022-01-31,-11 day ahead inc hosp,quantile,0.025,1822,COVID-19
DE,00+,2022-02-11,2022-02-01,-10 day ahead inc hosp,quantile,0.025,7599,COVID-19
DE,00-04,2022-02-11,2022-02-01,-10 day ahead inc hosp,quantile,0.025,375,COVID-19
DE,05-14,2022-02-11,2022-02-01,-10 day ahead inc hosp,quantile,0.025,376,COVID-19
DE,15-34,2022-02-11,2022-02-01,-10 day ahead inc hosp,quantile,0.025,1300,COVID-19
DE,35-59,2022-02-11,2022-02-01,-10 day ahead inc hosp,quantile,0.025,1809,COVID-19
DE,60-79,2022-02-11,2022-02-01,-10 day ahead inc hosp,quantile,0.025,1847,COVID-19
DE,80+,2022-02-11,2022-02-01,-10 day ahead inc hosp,quantile,0.025,1824,COVID-19
DE,00+,2022-02-11,2022-02-02,-9 day ahead inc hosp,quantile,0.025,7759.975,COVID-19
DE,00-04,2022-02-11,2022-02-02,-9 day ahead inc hosp,quantile,0.025,364,COVID-19
DE,05-14,2022-02-11,2022-02-02,-9 day ahead inc hosp,quantile,0.025,385,COVID-19
DE,15-34,2022-02-11,2022-02-02,-9 day ahead inc hosp,quantile,0.025,1291,COVID-19
DE,35-59,2022-02-11,2022-02-02,-9 day ahead inc hosp,quantile,0.025,1819.975,COVID-19
DE,60-79,2022-02-11,2022-02-02,-9 day ahead inc hosp,quantile,0.025,1915,COVID-19
DE,80+,2022-02-11,2022-02-02,-9 day ahead inc hosp,quantile,0.025,1928,COVID-19
DE,00+,2022-02-11,2022-02-03,-8 day ahead inc hosp,quantile,0.025,8007.975,COVID-19
DE,00-04,2022-02-11,2022-02-03,-8 day ahead inc hosp,quantile,0.025,362,COVID-19
DE,05-14,2022-02-11,2022-02-03,-8 day ahead inc hosp,quantile,0.025,393,COVID-19
DE,15-34,2022-02-11,2022-02-03,-8 day ahead inc hosp,quantile,0.025,1319,COVID-19
DE,35-59,2022-02-11,2022-02-03,-8 day ahead inc hosp,quantile,0.025,1847,COVID-19
DE,60-79,2022-02-11,2022-02-03,-8 day ahead inc hosp,quantile,0.025,2024.975,COVID-19
DE,80+,2022-02-11,2022-02-03,-8 day ahead inc hosp,quantile,0.025,1998,COVID-19
DE,00+,2022-02-11,2022-02-04,-7 day ahead inc hosp,quantile,0.025,8397,COVID-19
DE,00-04,2022-02-11,2022-02-04,-7 day ahead inc hosp,quantile,0.025,378,COVID-19
DE,05-14,2022-02-11,2022-02-04,-7 day ahead inc hosp,quantile,0.025,398,COVID-19
DE,15-34,2022-02-11,2022-02-04,-7 day ahead inc hosp,quantile,0.025,1358,COVID-19
DE,35-59,2022-02-11,2022-02-04,-7 day ahead inc hosp,quantile,0.025,1850,COVID-19
DE,60-79,2022-02-11,2022-02-04,-7 day ahead inc hosp,quantile,0.025,2155,COVID-19
DE,80+,2022-02-11,2022-02-04,-7 day ahead inc hosp,quantile,0.025,2184,COVID-19
DE,00+,2022-02-11,2022-02-05,-6 day ahead inc hosp,quantile,0.025,8620.95,COVID-19
DE,00-04,2022-02-11,2022-02-05,-6 day ahead inc hosp,quantile,0.025,388,COVID-19
DE,05-14,2022-02-11,2022-02-05,-6 day ahead inc hosp,quantile,0.025,409,COVID-19
DE,15-34,2022-02-11,2022-02-05,-6 day ahead inc hosp,quantile,0.025,1394.975,COVID-19
DE,35-59,2022-02-11,2022-02-05,-6 day ahead inc hosp,quantile,0.025,1861.975,COVID-19
DE,60-79,2022-02-11,2022-02-05,-6 day ahead inc hosp,quantile,0.025,2259.975,COVID-19
DE,80+,2022-02-11,2022-02-05,-6 day ahead inc hosp,quantile,0.025,2246,COVID-19
DE,00+,2022-02-11,2022-02-06,-5 day ahead inc hosp,quantile,0.025,8710,COVID-19
DE,00-04,2022-02-11,2022-02-06,-5 day ahead inc hosp,quantile,0.025,380,COVID-19
DE,05-14,2022-02-11,2022-02-06,-5 day ahead inc hosp,quantile,0.025,412,COVID-19
DE,15-34,2022-02-11,2022-02-06,-5 day ahead inc hosp,quantile,0.025,1353,COVID-19
DE,35-59,2022-02-11,2022-02-06,-5 day ahead inc hosp,quantile,0.025,1875,COVID-19
DE,60-79,2022-02-11,2022-02-06,-5 day ahead inc hosp,quantile,0.025,2300,COVID-19
DE,80+,2022-02-11,2022-02-06,-5 day ahead inc hosp,quantile,0.025,2307.975,COVID-19
DE,00+,2022-02-11,2022-02-07,-4 day ahead inc hosp,quantile,0.025,8786,COVID-19
DE,00-04,2022-02-11,2022-02-07,-4 day ahead inc hosp,quantile,0.025,391,COVID-19
DE,05-14,2022-02-11,2022-02-07,-4 day ahead inc hosp,quantile,0.025,405,COVID-19
DE,15-34,2022-02-11,2022-02-07,-4 day ahead inc hosp,quantile,0.025,1350,COVID-19
DE,35-59,2022-02-11,2022-02-07,-4 day ahead inc hosp,quantile,0.025,1894.975,COVID-19
DE,60-79,2022-02-11,2022-02-07,-4 day ahead inc hosp,quantile,0.025,2321.975,COVID-19
DE,80+,2022-02-11,2022-02-07,-4 day ahead inc hosp,quantile,0.025,2348.975,COVID-19
DE,00+,2022-02-11,2022-02-08,-3 day ahead inc hosp,quantile,0.025,8802.975,COVID-19
DE,00-04,2022-02-11,2022-02-08,-3 day ahead inc hosp,quantile,0.025,366,COVID-19
DE,05-14,2022-02-11,2022-02-08,-3 day ahead inc hosp,quantile,0.025,393,COVID-19
DE,15-34,2022-02-11,2022-02-08,-3 day ahead inc hosp,quantile,0.025,1354,COVID-19
DE,35-59,2022-02-11,2022-02-08,-3 day ahead inc hosp,quantile,0.025,1884,COVID-19
DE,60-79,2022-02-11,2022-02-08,-3 day ahead inc hosp,quantile,0.025,2322.975,COVID-19
DE,80+,2022-02-11,2022-02-08,-3 day ahead inc hosp,quantile,0.025,2414.975,COVID-19
DE,00+,2022-02-11,2022-02-09,-2 day ahead inc hosp,quantile,0.025,8664.975,COVID-19
DE,00-04,2022-02-11,2022-02-09,-2 day ahead inc hosp,quantile,0.025,360,COVID-19
DE,05-14,2022-02-11,2022-02-09,-2 day ahead inc hosp,quantile,0.025,375,COVID-19
DE,15-34,2022-02-11,2022-02-09,-2 day ahead inc hosp,quantile,0.025,1313,COVID-19
DE,35-59,2022-02-11,2022-02-09,-2 day ahead inc hosp,quantile,0.025,1813,COVID-19
DE,60-79,2022-02-11,2022-02-09,-2 day ahead inc hosp,quantile,0.025,2304.975,COVID-19
DE,80+,2022-02-11,2022-02-09,-2 day ahead inc hosp,quantile,0.025,2388.975,COVID-19
DE,00+,2022-02-11,2022-02-10,-1 day ahead inc hosp,quantile,0.025,8334.95,COVID-19
DE,00-04,2022-02-11,2022-02-10,-1 day ahead inc hosp,quantile,0.025,363.975,COVID-19
DE,05-14,2022-02-11,2022-02-10,-1 day ahead inc hosp,quantile,0.025,344,COVID-19
DE,15-34,2022-02-11,2022-02-10,-1 day ahead inc hosp,quantile,0.025,1278,COVID-19
DE,35-59,2022-02-11,2022-02-10,-1 day ahead inc hosp,quantile,0.025,1723.975,COVID-19
DE,60-79,2022-02-11,2022-02-10,-1 day ahead inc hosp,quantile,0.025,2202.975,COVID-19
DE,80+,2022-02-11,2022-02-10,-1 day ahead inc hosp,quantile,0.025,2334.975,COVID-19
DE,00+,2022-02-11,2022-02-11,0 day ahead inc hosp,quantile,0.025,7676.875,COVID-19
DE,00-04,2022-02-11,2022-02-11,0 day ahead inc hosp,quantile,0.025,336,COVID-19
DE,05-14,2022-02-11,2022-02-11,0 day ahead inc hosp,quantile,0.025,342,COVID-19
DE,15-34,2022-02-11,2022-02-11,0 day ahead inc hosp,quantile,0.025,1198.975,COVID-19
DE,35-59,2022-02-11,2022-02-11,0 day ahead inc hosp,quantile,0.025,1624,COVID-19
DE,60-79,2022-02-11,2022-02-11,0 day ahead inc hosp,quantile,0.025,1997.975,COVID-19
DE,80+,2022-02-11,2022-02-11,0 day ahead inc hosp,quantile,0.025,2128.975,COVID-19
DE,00+,2022-02-11,2022-01-14,-28 day ahead inc hosp,quantile,0.1,4684,COVID-19
DE,00-04,2022-02-11,2022-01-14,-28 day ahead inc hosp,quantile,0.1,198,COVID-19
DE,05-14,2022-02-11,2022-01-14,-28 day ahead inc hosp,quantile,0.1,178,COVID-19
DE,15-34,2022-02-11,2022-01-14,-28 day ahead inc hosp,quantile,0.1,876,COVID-19
DE,35-59,2022-02-11,2022-01-14,-28 day ahead inc hosp,quantile,0.1,1239,COVID-19
DE,60-79,2022-02-11,2022-01-14,-28 day ahead inc hosp,quantile,0.1,1192,COVID-19
DE,80+,2022-02-11,2022-01-14,-28 day ahead inc hosp,quantile,0.1,990,COVID-19
DE,00+,2022-02-11,2022-01-15,-27 day ahead inc hosp,quantile,0.1,4736,COVID-19
DE,00-04,2022-02-11,2022-01-15,-27 day ahead inc hosp,quantile,0.1,209,COVID-19
DE,05-14,2022-02-11,2022-01-15,-27 day ahead inc hosp,quantile,0.1,190,COVID-19
DE,15-34,2022-02-11,2022-01-15,-27 day ahead inc hosp,quantile,0.1,857,COVID-19
DE,35-59,2022-02-11,2022-01-15,-27 day ahead inc hosp,quantile,0.1,1272,COVID-19
DE,60-79,2022-02-11,2022-01-15,-27 day ahead inc hosp,quantile,0.1,1194,COVID-19
DE,80+,2022-02-11,2022-01-15,-27 day ahead inc hosp,quantile,0.1,1001,COVID-19
DE,00+,2022-02-11,2022-01-16,-26 day ahead inc hosp,quantile,0.1,4763,COVID-19
DE,00-04,2022-02-11,2022-01-16,-26 day ahead inc hosp,quantile,0.1,213,COVID-19
DE,05-14,2022-02-11,2022-01-16,-26 day ahead inc hosp,quantile,0.1,187,COVID-19
DE,15-34,2022-02-11,2022-01-16,-26 day ahead inc hosp,quantile,0.1,864,COVID-19
DE,35-59,2022-02-11,2022-01-16,-26 day ahead inc hosp,quantile,0.1,1285,COVID-19
DE,60-79,2022-02-11,2022-01-16,-26 day ahead inc hosp,quantile,0.1,1187,COVID-19
DE,80+,2022-02-11,2022-01-16,-26 day ahead inc hosp,quantile,0.1,1013,COVID-19
DE,00+,2022-02-11,2022-01-17,-25 day ahead inc hosp,quantile,0.1,4798,COVID-19
DE,00-04,2022-02-11,2022-01-17,-25 day ahead inc hosp,quantile,0.1,222,COVID-19
DE,05-14,2022-02-11,2022-01-17,-25 day ahead inc hosp,quantile,0.1,189,COVID-19
DE,15-34,2022-02-11,2022-01-17,-25 day ahead inc hosp,quantile,0.1,856,COVID-19
DE,35-59,2022-02-11,2022-01-17,-25 day ahead inc hosp,quantile,0.1,1282,COVID-19
DE,60-79,2022-02-11,2022-01-17,-25 day ahead inc hosp,quantile,0.1,1205,COVID-19
DE,80+,2022-02-11,2022-01-17,-25 day ahead inc hosp,quantile,0.1,1031,COVID-19
DE,00+,2022-02-11,2022-01-18,-24 day ahead inc hosp,quantile,0.1,4945,COVID-19
DE,00-04,2022-02-11,2022-01-18,-24 day ahead inc hosp,quantile,0.1,235,COVID-19
DE,05-14,2022-02-11,2022-01-18,-24 day ahead inc hosp,quantile,0.1,205,COVID-19
DE,15-34,2022-02-11,2022-01-18,-24 day ahead inc hosp,quantile,0.1,888,COVID-19
DE,35-59,2022-02-11,2022-01-18,-24 day ahead inc hosp,quantile,0.1,1274,COVID-19
DE,60-79,2022-02-11,2022-01-18,-24 day ahead inc hosp,quantile,0.1,1237,COVID-19
DE,80+,2022-02-11,2022-01-18,-24 day ahead inc hosp,quantile,0.1,1092,COVID-19
DE,00+,2022-02-11,2022-01-19,-23 day ahead inc hosp,quantile,0.1,5201,COVID-19
DE,00-04,2022-02-11,2022-01-19,-23 day ahead inc hosp,quantile,0.1,242,COVID-19
DE,05-14,2022-02-11,2022-01-19,-23 day ahead inc hosp,quantile,0.1,214,COVID-19
DE,15-34,2022-02-11,2022-01-19,-23 day ahead inc hosp,quantile,0.1,949,COVID-19
DE,35-59,2022-02-11,2022-01-19,-23 day ahead inc hosp,quantile,0.1,1339,COVID-19
DE,60-79,2022-02-11,2022-01-19,-23 day ahead inc hosp,quantile,0.1,1294,COVID-19
DE,80+,2022-02-11,2022-01-19,-23 day ahead inc hosp,quantile,0.1,1144,COVID-19
DE,00+,2022-02-11,2022-01-20,-22 day ahead inc hosp,quantile,0.1,5476,COVID-19
DE,00-04,2022-02-11,2022-01-20,-22 day ahead inc hosp,quantile,0.1,257,COVID-19
DE,05-14,2022-02-11,2022-01-20,-22 day ahead inc hosp,quantile,0.1,225,COVID-19
DE,15-34,2022-02-11,2022-01-20,-22 day ahead inc hosp,quantile,0.1,977,COVID-19
DE,35-59,2022-02-11,2022-01-20,-22 day ahead inc hosp,quantile,0.1,1425,COVID-19
DE,60-79,2022-02-11,2022-01-20,-22 day ahead inc hosp,quantile,0.1,1369,COVID-19
DE,80+,2022-02-11,2022-01-20,-22 day ahead inc hosp,quantile,0.1,1205,COVID-19
DE,00+,2022-02-11,2022-01-21,-21 day ahead inc hosp,quantile,0.1,5704,COVID-19
DE,00-04,2022-02-11,2022-01-21,-21 day ahead inc hosp,quantile,0.1,267,COVID-19
DE,05-14,2022-02-11,2022-01-21,-21 day ahead inc hosp,quantile,0.1,253,COVID-19
DE,15-34,2022-02-11,2022-01-21,-21 day ahead inc hosp,quantile,0.1,1041,COVID-19
DE,35-59,2022-02-11,2022-01-21,-21 day ahead inc hosp,quantile,0.1,1470,COVID-19
DE,60-79,2022-02-11,2022-01-21,-21 day ahead inc hosp,quantile,0.1,1408,COVID-19
DE,80+,2022-02-11,2022-01-21,-21 day ahead inc hosp,quantile,0.1,1246,COVID-19
DE,00+,2022-02-11,2022-01-22,-20 day ahead inc hosp,quantile,0.1,5988,COVID-19
DE,00-04,2022-02-11,2022-01-22,-20 day ahead inc hosp,quantile,0.1,294,COVID-19
DE,05-14,2022-02-11,2022-01-22,-20 day ahead inc hosp,quantile,0.1,275,COVID-19
DE,15-34,2022-02-11,2022-01-22,-20 day ahead inc hosp,quantile,0.1,1106,COVID-19
DE,35-59,2022-02-11,2022-01-22,-20 day ahead inc hosp,quantile,0.1,1529,COVID-19
DE,60-79,2022-02-11,2022-01-22,-20 day ahead inc hosp,quantile,0.1,1467,COVID-19
DE,80+,2022-02-11,2022-01-22,-20 day ahead inc hosp,quantile,0.1,1297,COVID-19
DE,00+,2022-02-11,2022-01-23,-19 day ahead inc hosp,quantile,0.1,6093.9,COVID-19
DE,00-04,2022-02-11,2022-01-23,-19 day ahead inc hosp,quantile,0.1,287,COVID-19
DE,05-14,2022-02-11,2022-01-23,-19 day ahead inc hosp,quantile,0.1,292,COVID-19
DE,15-34,2022-02-11,2022-01-23,-19 day ahead inc hosp,quantile,0.1,1145,COVID-19
DE,35-59,2022-02-11,2022-01-23,-19 day ahead inc hosp,quantile,0.1,1531,COVID-19
DE,60-79,2022-02-11,2022-01-23,-19 day ahead inc hosp,quantile,0.1,1486,COVID-19
DE,80+,2022-02-11,2022-01-23,-19 day ahead inc hosp,quantile,0.1,1335,COVID-19
DE,00+,2022-02-11,2022-01-24,-18 day ahead inc hosp,quantile,0.1,6301,COVID-19
DE,00-04,2022-02-11,2022-01-24,-18 day ahead inc hosp,quantile,0.1,300,COVID-19
DE,05-14,2022-02-11,2022-01-24,-18 day ahead inc hosp,quantile,0.1,296,COVID-19
DE,15-34,2022-02-11,2022-01-24,-18 day ahead inc hosp,quantile,0.1,1203,COVID-19
DE,35-59,2022-02-11,2022-01-24,-18 day ahead inc hosp,quantile,0.1,1584,COVID-19
DE,60-79,2022-02-11,2022-01-24,-18 day ahead inc hosp,quantile,0.1,1506,COVID-19
DE,80+,2022-02-11,2022-01-24,-18 day ahead inc hosp,quantile,0.1,1392,COVID-19
DE,00+,2022-02-11,2022-01-25,-17 day ahead inc hosp,quantile,0.1,6624,COVID-19
DE,00-04,2022-02-11,2022-01-25,-17 day ahead inc hosp,quantile,0.1,313,COVID-19
DE,05-14,2022-02-11,2022-01-25,-17 day ahead inc hosp,quantile,0.1,319,COVID-19
DE,15-34,2022-02-11,2022-01-25,-17 day ahead inc hosp,quantile,0.1,1244,COVID-19
DE,35-59,2022-02-11,2022-01-25,-17 day ahead inc hosp,quantile,0.1,1661,COVID-19
DE,60-79,2022-02-11,2022-01-25,-17 day ahead inc hosp,quantile,0.1,1588,COVID-19
DE,80+,2022-02-11,2022-01-25,-17 day ahead inc hosp,quantile,0.1,1473,COVID-19
DE,00+,2022-02-11,2022-01-26,-16 day ahead inc hosp,quantile,0.1,6921,COVID-19
DE,00-04,2022-02-11,2022-01-26,-16 day ahead inc hosp,quantile,0.1,344,COVID-19
DE,05-14,2022-02-11,2022-01-26,-16 day ahead inc hosp,quantile,0.1,338,COVID-19
DE,15-34,2022-02-11,2022-01-26,-16 day ahead inc hosp,quantile,0.1,1290,COVID-19
DE,35-59,2022-02-11,2022-01-26,-16 day ahead inc hosp,quantile,0.1,1695,COVID-19
DE,60-79,2022-02-11,2022-01-26,-16 day ahead inc hosp,quantile,0.1,1681,COVID-19
DE,80+,2022-02-11,2022-01-26,-16 day ahead inc hosp,quantile,0.1,1554,COVID-19
DE,00+,2022-02-11,2022-01-27,-15 day ahead inc hosp,quantile,0.1,7079,COVID-19
DE,00-04,2022-02-11,2022-01-27,-15 day ahead inc hosp,quantile,0.1,346,COVID-19
DE,05-14,2022-02-11,2022-01-27,-15 day ahead inc hosp,quantile,0.1,354,COVID-19
DE,15-34,2022-02-11,2022-01-27,-15 day ahead inc hosp,quantile,0.1,1290.9,COVID-19
DE,35-59,2022-02-11,2022-01-27,-15 day ahead inc hosp,quantile,0.1,1725,COVID-19
DE,60-79,2022-02-11,2022-01-27,-15 day ahead inc hosp,quantile,0.1,1705,COVID-19
DE,80+,2022-02-11,2022-01-27,-15 day ahead inc hosp,quantile,0.1,1637,COVID-19
DE,00+,2022-02-11,2022-01-28,-14 day ahead inc hosp,quantile,0.1,7265,COVID-19
DE,00-04,2022-02-11,2022-01-28,-14 day ahead inc hosp,quantile,0.1,352,COVID-19
DE,05-14,2022-02-11,2022-01-28,-14 day ahead inc hosp,quantile,0.1,347,COVID-19
DE,15-34,2022-02-11,2022-01-28,-14 day ahead inc hosp,quantile,0.1,1293,COVID-19
DE,35-59,2022-02-11,2022-01-28,-14 day ahead inc hosp,quantile,0.1,1769,COVID-19
DE,60-79,2022-02-11,2022-01-28,-14 day ahead inc hosp,quantile,0.1,1763,COVID-19
DE,80+,2022-02-11,2022-01-28,-14 day ahead inc hosp,quantile,0.1,1706,COVID-19
DE,00+,2022-02-11,2022-01-29,-13 day ahead inc hosp,quantile,0.1,7403,COVID-19
DE,00-04,2022-02-11,2022-01-29,-13 day ahead inc hosp,quantile,0.1,355,COVID-19
DE,05-14,2022-02-11,2022-01-29,-13 day ahead inc hosp,quantile,0.1,347,COVID-19
DE,15-34,2022-02-11,2022-01-29,-13 day ahead inc hosp,quantile,0.1,1288.9,COVID-19
DE,35-59,2022-02-11,2022-01-29,-13 day ahead inc hosp,quantile,0.1,1788,COVID-19
DE,60-79,2022-02-11,2022-01-29,-13 day ahead inc hosp,quantile,0.1,1780,COVID-19
DE,80+,2022-02-11,2022-01-29,-13 day ahead inc hosp,quantile,0.1,1790,COVID-19
DE,00+,2022-02-11,2022-01-30,-12 day ahead inc hosp,quantile,0.1,7604,COVID-19
DE,00-04,2022-02-11,2022-01-30,-12 day ahead inc hosp,quantile,0.1,374,COVID-19
DE,05-14,2022-02-11,2022-01-30,-12 day ahead inc hosp,quantile,0.1,357,COVID-19
DE,15-34,2022-02-11,2022-01-30,-12 day ahead inc hosp,quantile,0.1,1331,COVID-19
DE,35-59,2022-02-11,2022-01-30,-12 day ahead inc hosp,quantile,0.1,1833,COVID-19
DE,60-79,2022-02-11,2022-01-30,-12 day ahead inc hosp,quantile,0.1,1817,COVID-19
DE,80+,2022-02-11,2022-01-30,-12 day ahead inc hosp,quantile,0.1,1831,COVID-19
DE,00+,2022-02-11,2022-01-31,-11 day ahead inc hosp,quantile,0.1,7610,COVID-19
DE,00-04,2022-02-11,2022-01-31,-11 day ahead inc hosp,quantile,0.1,362,COVID-19
DE,05-14,2022-02-11,2022-01-31,-11 day ahead inc hosp,quantile,0.1,375,COVID-19
DE,15-34,2022-02-11,2022-01-31,-11 day ahead inc hosp,quantile,0.1,1308,COVID-19
DE,35-59,2022-02-11,2022-01-31,-11 day ahead inc hosp,quantile,0.1,1825,COVID-19
DE,60-79,2022-02-11,2022-01-31,-11 day ahead inc hosp,quantile,0.1,1842,COVID-19
DE,80+,2022-02-11,2022-01-31,-11 day ahead inc hosp,quantile,0.1,1836,COVID-19
DE,00+,2022-02-11,2022-02-01,-10 day ahead inc hosp,quantile,0.1,7645,COVID-19
DE,00-04,2022-02-11,2022-02-01,-10 day ahead inc hosp,quantile,0.1,380,COVID-19
DE,05-14,2022-02-11,2022-02-01,-10 day ahead inc hosp,quantile,0.1,381,COVID-19
DE,15-34,2022-02-11,2022-02-01,-10 day ahead inc hosp,quantile,0.1,1310,COVID-19
DE,35-59,2022-02-11,2022-02-01,-10 day ahead inc hosp,quantile,0.1,1823,COVID-19
DE,60-79,2022-02-11,2022-02-01,-10 day ahead inc hosp,quantile,0.1,1861,COVID-19
DE,80+,2022-02-11,2022-02-01,-10 day ahead inc hosp,quantile,0.1,1841,COVID-19
DE,00+,2022-02-11,2022-02-02,-9 day ahead inc hosp,quantile,0.1,7810,COVID-19
DE,00-04,2022-02-11,2022-02-02,-9 day ahead inc hosp,quantile,0.1,371,COVID-19
DE,05-14,2022-02-11,2022-02-02,-9 day ahead inc hosp,quantile,0.1,390,COVID-19
DE,15-34,2022-02-11,2022-02-02,-9 day ahead inc hosp,quantile,0.1,1303,COVID-19
DE,35-59,2022-02-11,2022-02-02,-9 day ahead inc hosp,quantile,0.1,1835,COVID-19
DE,60-79,2022-02-11,2022-02-02,-9 day ahead inc hosp,quantile,0.1,1930,COVID-19
DE,80+,2022-02-11,2022-02-02,-9 day ahead inc hosp,quantile,0.1,1947,COVID-19
DE,00+,2022-02-11,2022-02-03,-8 day ahead inc hosp,quantile,0.1,8075,COVID-19
DE,00-04,2022-02-11,2022-02-03,-8 day ahead inc hosp,quantile,0.1,367,COVID-19
DE,05-14,2022-02-11,2022-02-03,-8 day ahead inc hosp,quantile,0.1,399,COVID-19
DE,15-34,2022-02-11,2022-02-03,-8 day ahead inc hosp,quantile,0.1,1334,COVID-19
DE,35-59,2022-02-11,2022-02-03,-8 day ahead inc hosp,quantile,0.1,1867,COVID-19
DE,60-79,2022-02-11,2022-02-03,-8 day ahead inc hosp,quantile,0.1,2045,COVID-19
DE,80+,2022-02-11,2022-02-03,-8 day ahead inc hosp,quantile,0.1,2018,COVID-19
DE,00+,2022-02-11,2022-02-04,-7 day ahead inc hosp,quantile,0.1,8474,COVID-19
DE,00-04,2022-02-11,2022-02-04,-7 day ahead inc hosp,quantile,0.1,385,COVID-19
DE,05-14,2022-02-11,2022-02-04,-7 day ahead inc hosp,quantile,0.1,405,COVID-19
DE,15-34,2022-02-11,2022-02-04,-7 day ahead inc hosp,quantile,0.1,1374,COVID-19
DE,35-59,2022-02-11,2022-02-04,-7 day ahead inc hosp,quantile,0.1,1871,COVID-19
DE,60-79,2022-02-11,2022-02-04,-7 day ahead inc hosp,quantile,0.1,2183,COVID-19
DE,80+,2022-02-11,2022-02-04,-7 day ahead inc hosp,quantile,0.1,2207.9,COVID-19
DE,00+,2022-02-11,2022-02-05,-6 day ahead inc hosp,quantile,0.1,8730,COVID-19
DE,00-04,2022-02-11,2022-02-05,-6 day ahead inc hosp,quantile,0.1,396,COVID-19
DE,05-14,2022-02-11,2022-02-05,-6 day ahead inc hosp,quantile,0.1,416,COVID-19
DE,15-34,2022-02-11,2022-02-05,-6 day ahead inc hosp,quantile,0.1,1412,COVID-19
DE,35-59,2022-02-11,2022-02-05,-6 day ahead inc hosp,quantile,0.1,1887,COVID-19
DE,60-79,2022-02-11,2022-02-05,-6 day ahead inc hosp,quantile,0.1,2289,COVID-19
DE,80+,2022-02-11,2022-02-05,-6 day ahead inc hosp,quantile,0.1,2276,COVID-19
DE,00+,2022-02-11,2022-02-06,-5 day ahead inc hosp,quantile,0.1,8822.9,COVID-19
DE,00-04,2022-02-11,2022-02-06,-5 day ahead inc hosp,quantile,0.1,388,COVID-19
DE,05-14,2022-02-11,2022-02-06,-5 day ahead inc hosp,quantile,0.1,421,COVID-19
DE,15-34,2022-02-11,2022-02-06,-5 day ahead inc hosp,quantile,0.1,1371.9,COVID-19
DE,35-59,2022-02-11,2022-02-06,-5 day ahead inc hosp,quantile,0.1,1902,COVID-19
DE,60-79,2022-02-11,2022-02-06,-5 day ahead inc hosp,quantile,0.1,2331,COVID-19
DE,80+,2022-02-11,2022-02-06,-5 day ahead inc hosp,quantile,0.1,2337,COVID-19
DE,00+,2022-02-11,2022-02-07,-4 day ahead inc hosp,quantile,0.1,8901,COVID-19
DE,00-04,2022-02-11,2022-02-07,-4 day ahead inc hosp,quantile,0.1,400,COVID-19
DE,05-14,2022-02-11,2022-02-07,-4 day ahead inc hosp,quantile,0.1,413,COVID-19
DE,15-34,2022-02-11,2022-02-07,-4 day ahead inc hosp,quantile,0.1,1369,COVID-19
DE,35-59,2022-02-11,2022-02-07,-4 day ahead inc hosp,quantile,0.1,1923.9,COVID-19
DE,60-79,2022-02-11,2022-02-07,-4 day ahead inc hosp,quantile,0.1,2354,COVID-19
DE,80+,2022-02-11,2022-02-07,-4 day ahead inc hosp,quantile,0.1,2387,COVID-19
DE,00+,2022-02-11,2022-02-08,-3 day ahead inc hosp,quantile,0.1,8939,COVID-19
DE,00-04,2022-02-11,2022-02-08,-3 day ahead inc hosp,quantile,0.1,376,COVID-19
DE,05-14,2022-02-11,2022-02-08,-3 day ahead inc hosp,quantile,0.1,401,COVID-19
DE,15-34,2022-02-11,2022-02-08,-3 day ahead inc hosp,quantile,0.1,1374,COVID-19
DE,35-59,2022-02-11,2022-02-08,-3 day ahead inc hosp,quantile,0.1,1913,COVID-19
DE,60-79,2022-02-11,2022-02-08,-3 day ahead inc hosp,quantile,0.1,2359,COVID-19
DE,80+,2022-02-11,2022-02-08,-3 day ahead inc hosp,quantile,0.1,2452,COVID-19
DE,00+,2022-02-11,2022-02-09,-2 day ahead inc hosp,quantile,0.1,8810.8,COVID-19
DE,00-04,2022-02-11,2022-02-09,-2 day ahead inc hosp,quantile,0.1,370,COVID-19
DE,05-14,2022-02-11,2022-02-09,-2 day ahead inc hosp,quantile,0.1,384,COVID-19
DE,15-34,2022-02-11,2022-02-09,-2 day ahead inc hosp,quantile,0.1,1337,COVID-19
DE,35-59,2022-02-11,2022-02-09,-2 day ahead inc hosp,quantile,0.1,1848,COVID-19
DE,60-79,2022-02-11,2022-02-09,-2 day ahead inc hosp,quantile,0.1,2349,COVID-19
DE,80+,2022-02-11,2022-02-09,-2 day ahead inc hosp,quantile,0.1,2438,COVID-19
DE,00+,2022-02-11,2022-02-10,-1 day ahead inc hosp,quantile,0.1,8559.9,COVID-19
DE,00-04,2022-02-11,2022-02-10,-1 day ahead inc hosp,quantile,0.1,378,COVID-19
DE,05-14,2022-02-11,2022-02-10,-1 day ahead inc hosp,quantile,0.1,355,COVID-19
DE,15-34,2022-02-11,2022-02-10,-1 day ahead inc hosp,quantile,0.1,1314,COVID-19
DE,35-59,2022-02-11,2022-02-10,-1 day ahead inc hosp,quantile,0.1,1770.9,COVID-19
DE,60-79,2022-02-11,2022-02-10,-1 day ahead inc hosp,quantile,0.1,2262,COVID-19
DE,80+,2022-02-11,2022-02-10,-1 day ahead inc hosp,quantile,0.1,2404,COVID-19
DE,00+,2022-02-11,2022-02-11,0 day ahead inc hosp,quantile,0.1,8054,COVID-19
DE,00-04,2022-02-11,2022-02-11,0 day ahead inc hosp,quantile,0.1,353,COVID-19
DE,05-14,2022-02-11,2022-02-11,0 day ahead inc hosp,quantile,0.1,357,COVID-19
DE,15-34,2022-02-11,2022-02-11,0 day ahead inc hosp,quantile,0.1,1258,COVID-19
DE,35-59,2022-02-11,2022-02-11,0 day ahead inc hosp,quantile,0.1,1703,COVID-19
DE,60-79,2022-02-11,2022-02-11,0 day ahead inc hosp,quantile,0.1,2084,COVID-19
DE,80+,2022-02-11,2022-02-11,0 day ahead inc hosp,quantile,0.1,2236,COVID-19
DE,00+,2022-02-11,2022-01-14,-28 day ahead inc hosp,quantile,0.25,4688,COVID-19
DE,00-04,2022-02-11,2022-01-14,-28 day ahead inc hosp,quantile,0.25,199,COVID-19
DE,05-14,2022-02-11,2022-01-14,-28 day ahead inc hosp,quantile,0.25,179,COVID-19
DE,15-34,2022-02-11,2022-01-14,-28 day ahead inc hosp,quantile,0.25,877,COVID-19
DE,35-59,2022-02-11,2022-01-14,-28 day ahead inc hosp,quantile,0.25,1241,COVID-19
DE,60-79,2022-02-11,2022-01-14,-28 day ahead inc hosp,quantile,0.25,1194,COVID-19
DE,80+,2022-02-11,2022-01-14,-28 day ahead inc hosp,quantile,0.25,991,COVID-19
DE,00+,2022-02-11,2022-01-15,-27 day ahead inc hosp,quantile,0.25,4741,COVID-19
DE,00-04,2022-02-11,2022-01-15,-27 day ahead inc hosp,quantile,0.25,210,COVID-19
DE,05-14,2022-02-11,2022-01-15,-27 day ahead inc hosp,quantile,0.25,191,COVID-19
DE,15-34,2022-02-11,2022-01-15,-27 day ahead inc hosp,quantile,0.25,858,COVID-19
DE,35-59,2022-02-11,2022-01-15,-27 day ahead inc hosp,quantile,0.25,1274,COVID-19
DE,60-79,2022-02-11,2022-01-15,-27 day ahead inc hosp,quantile,0.25,1196,COVID-19
DE,80+,2022-02-11,2022-01-15,-27 day ahead inc hosp,quantile,0.25,1002,COVID-19
DE,00+,2022-02-11,2022-01-16,-26 day ahead inc hosp,quantile,0.25,4769,COVID-19
DE,00-04,2022-02-11,2022-01-16,-26 day ahead inc hosp,quantile,0.25,213,COVID-19
DE,05-14,2022-02-11,2022-01-16,-26 day ahead inc hosp,quantile,0.25,188,COVID-19
DE,15-34,2022-02-11,2022-01-16,-26 day ahead inc hosp,quantile,0.25,866,COVID-19
DE,35-59,2022-02-11,2022-01-16,-26 day ahead inc hosp,quantile,0.25,1287,COVID-19
DE,60-79,2022-02-11,2022-01-16,-26 day ahead inc hosp,quantile,0.25,1190,COVID-19
DE,80+,2022-02-11,2022-01-16,-26 day ahead inc hosp,quantile,0.25,1015,COVID-19
DE,00+,2022-02-11,2022-01-17,-25 day ahead inc hosp,quantile,0.25,4804,COVID-19
DE,00-04,2022-02-11,2022-01-17,-25 day ahead inc hosp,quantile,0.25,223,COVID-19
DE,05-14,2022-02-11,2022-01-17,-25 day ahead inc hosp,quantile,0.25,189,COVID-19
DE,15-34,2022-02-11,2022-01-17,-25 day ahead inc hosp,quantile,0.25,859,COVID-19
DE,35-59,2022-02-11,2022-01-17,-25 day ahead inc hosp,quantile,0.25,1284,COVID-19
DE,60-79,2022-02-11,2022-01-17,-25 day ahead inc hosp,quantile,0.25,1208,COVID-19
DE,80+,2022-02-11,2022-01-17,-25 day ahead inc hosp,quantile,0.25,1034,COVID-19
DE,00+,2022-02-11,2022-01-18,-24 day ahead inc hosp,quantile,0.25,4952,COVID-19
DE,00-04,2022-02-11,2022-01-18,-24 day ahead inc hosp,quantile,0.25,236,COVID-19
DE,05-14,2022-02-11,2022-01-18,-24 day ahead inc hosp,quantile,0.25,206,COVID-19
DE,15-34,2022-02-11,2022-01-18,-24 day ahead inc hosp,quantile,0.25,891,COVID-19
DE,35-59,2022-02-11,2022-01-18,-24 day ahead inc hosp,quantile,0.25,1277,COVID-19
DE,60-79,2022-02-11,2022-01-18,-24 day ahead inc hosp,quantile,0.25,1240,COVID-19
DE,80+,2022-02-11,2022-01-18,-24 day ahead inc hosp,quantile,0.25,1094,COVID-19
DE,00+,2022-02-11,2022-01-19,-23 day ahead inc hosp,quantile,0.25,5209,COVID-19
DE,00-04,2022-02-11,2022-01-19,-23 day ahead inc hosp,quantile,0.25,243,COVID-19
DE,05-14,2022-02-11,2022-01-19,-23 day ahead inc hosp,quantile,0.25,215,COVID-19
DE,15-34,2022-02-11,2022-01-19,-23 day ahead inc hosp,quantile,0.25,952,COVID-19
DE,35-59,2022-02-11,2022-01-19,-23 day ahead inc hosp,quantile,0.25,1343,COVID-19
DE,60-79,2022-02-11,2022-01-19,-23 day ahead inc hosp,quantile,0.25,1298,COVID-19
DE,80+,2022-02-11,2022-01-19,-23 day ahead inc hosp,quantile,0.25,1148,COVID-19
DE,00+,2022-02-11,2022-01-20,-22 day ahead inc hosp,quantile,0.25,5486,COVID-19
DE,00-04,2022-02-11,2022-01-20,-22 day ahead inc hosp,quantile,0.25,259,COVID-19
DE,05-14,2022-02-11,2022-01-20,-22 day ahead inc hosp,quantile,0.25,226,COVID-19
DE,15-34,2022-02-11,2022-01-20,-22 day ahead inc hosp,quantile,0.25,980,COVID-19
DE,35-59,2022-02-11,2022-01-20,-22 day ahead inc hosp,quantile,0.25,1429,COVID-19
DE,60-79,2022-02-11,2022-01-20,-22 day ahead inc hosp,quantile,0.25,1372,COVID-19
DE,80+,2022-02-11,2022-01-20,-22 day ahead inc hosp,quantile,0.25,1208,COVID-19
DE,00+,2022-02-11,2022-01-21,-21 day ahead inc hosp,quantile,0.25,5715,COVID-19
DE,00-04,2022-02-11,2022-01-21,-21 day ahead inc hosp,quantile,0.25,269,COVID-19
DE,05-14,2022-02-11,2022-01-21,-21 day ahead inc hosp,quantile,0.25,255,COVID-19
DE,15-34,2022-02-11,2022-01-21,-21 day ahead inc hosp,quantile,0.25,1044,COVID-19
DE,35-59,2022-02-11,2022-01-21,-21 day ahead inc hosp,quantile,0.25,1475,COVID-19
DE,60-79,2022-02-11,2022-01-21,-21 day ahead inc hosp,quantile,0.25,1412,COVID-19
DE,80+,2022-02-11,2022-01-21,-21 day ahead inc hosp,quantile,0.25,1250,COVID-19
DE,00+,2022-02-11,2022-01-22,-20 day ahead inc hosp,quantile,0.25,6002,COVID-19
DE,00-04,2022-02-11,2022-01-22,-20 day ahead inc hosp,quantile,0.25,296,COVID-19
DE,05-14,2022-02-11,2022-01-22,-20 day ahead inc hosp,quantile,0.25,277,COVID-19
DE,15-34,2022-02-11,2022-01-22,-20 day ahead inc hosp,quantile,0.25,1110,COVID-19
DE,35-59,2022-02-11,2022-01-22,-20 day ahead inc hosp,quantile,0.25,1534,COVID-19
DE,60-79,2022-02-11,2022-01-22,-20 day ahead inc hosp,quantile,0.25,1473,COVID-19
DE,80+,2022-02-11,2022-01-22,-20 day ahead inc hosp,quantile,0.25,1302,COVID-19
DE,00+,2022-02-11,2022-01-23,-19 day ahead inc hosp,quantile,0.25,6109,COVID-19
DE,00-04,2022-02-11,2022-01-23,-19 day ahead inc hosp,quantile,0.25,289,COVID-19
DE,05-14,2022-02-11,2022-01-23,-19 day ahead inc hosp,quantile,0.25,294,COVID-19
DE,15-34,2022-02-11,2022-01-23,-19 day ahead inc hosp,quantile,0.25,1149,COVID-19
DE,35-59,2022-02-11,2022-01-23,-19 day ahead inc hosp,quantile,0.25,1536,COVID-19
DE,60-79,2022-02-11,2022-01-23,-19 day ahead inc hosp,quantile,0.25,1491,COVID-19
DE,80+,2022-02-11,2022-01-23,-19 day ahead inc hosp,quantile,0.25,1340,COVID-19
DE,00+,2022-02-11,2022-01-24,-18 day ahead inc hosp,quantile,0.25,6317,COVID-19
DE,00-04,2022-02-11,2022-01-24,-18 day ahead inc hosp,quantile,0.25,302,COVID-19
DE,05-14,2022-02-11,2022-01-24,-18 day ahead inc hosp,quantile,0.25,298,COVID-19
DE,15-34,2022-02-11,2022-01-24,-18 day ahead inc hosp,quantile,0.25,1208,COVID-19
DE,35-59,2022-02-11,2022-01-24,-18 day ahead inc hosp,quantile,0.25,1589,COVID-19
DE,60-79,2022-02-11,2022-01-24,-18 day ahead inc hosp,quantile,0.25,1512,COVID-19
DE,80+,2022-02-11,2022-01-24,-18 day ahead inc hosp,quantile,0.25,1397,COVID-19
DE,00+,2022-02-11,2022-01-25,-17 day ahead inc hosp,quantile,0.25,6641,COVID-19
DE,00-04,2022-02-11,2022-01-25,-17 day ahead inc hosp,quantile,0.25,316,COVID-19
DE,05-14,2022-02-11,2022-01-25,-17 day ahead inc hosp,quantile,0.25,321,COVID-19
DE,15-34,2022-02-11,2022-01-25,-17 day ahead inc hosp,quantile,0.25,1249,COVID-19
DE,35-59,2022-02-11,2022-01-25,-17 day ahead inc hosp,quantile,0.25,1667,COVID-19
DE,60-79,2022-02-11,2022-01-25,-17 day ahead inc hosp,quantile,0.25,1594,COVID-19
DE,80+,2022-02-11,2022-01-25,-17 day ahead inc hosp,quantile,0.25,1480,COVID-19
DE,00+,2022-02-11,2022-01-26,-16 day ahead inc hosp,quantile,0.25,6945,COVID-19
DE,00-04,2022-02-11,2022-01-26,-16 day ahead inc hosp,quantile,0.25,347,COVID-19
DE,05-14,2022-02-11,2022-01-26,-16 day ahead inc hosp,quantile,0.25,341,COVID-19
DE,15-34,2022-02-11,2022-01-26,-16 day ahead inc hosp,quantile,0.25,1297,COVID-19
DE,35-59,2022-02-11,2022-01-26,-16 day ahead inc hosp,quantile,0.25,1703,COVID-19
DE,60-79,2022-02-11,2022-01-26,-16 day ahead inc hosp,quantile,0.25,1689,COVID-19
DE,80+,2022-02-11,2022-01-26,-16 day ahead inc hosp,quantile,0.25,1561,COVID-19
DE,00+,2022-02-11,2022-01-27,-15 day ahead inc hosp,quantile,0.25,7106,COVID-19
DE,00-04,2022-02-11,2022-01-27,-15 day ahead inc hosp,quantile,0.25,349,COVID-19
DE,05-14,2022-02-11,2022-01-27,-15 day ahead inc hosp,quantile,0.25,358,COVID-19
DE,15-34,2022-02-11,2022-01-27,-15 day ahead inc hosp,quantile,0.25,1299,COVID-19
DE,35-59,2022-02-11,2022-01-27,-15 day ahead inc hosp,quantile,0.25,1735,COVID-19
DE,60-79,2022-02-11,2022-01-27,-15 day ahead inc hosp,quantile,0.25,1714,COVID-19
DE,80+,2022-02-11,2022-01-27,-15 day ahead inc hosp,quantile,0.25,1645,COVID-19
DE,00+,2022-02-11,2022-01-28,-14 day ahead inc hosp,quantile,0.25,7296,COVID-19
DE,00-04,2022-02-11,2022-01-28,-14 day ahead inc hosp,quantile,0.25,355,COVID-19
DE,05-14,2022-02-11,2022-01-28,-14 day ahead inc hosp,quantile,0.25,350,COVID-19
DE,15-34,2022-02-11,2022-01-28,-14 day ahead inc hosp,quantile,0.25,1301,COVID-19
DE,35-59,2022-02-11,2022-01-28,-14 day ahead inc hosp,quantile,0.25,1780,COVID-19
DE,60-79,2022-02-11,2022-01-28,-14 day ahead inc hosp,quantile,0.25,1773,COVID-19
DE,80+,2022-02-11,2022-01-28,-14 day ahead inc hosp,quantile,0.25,1715,COVID-19
DE,00+,2022-02-11,2022-01-29,-13 day ahead inc hosp,quantile,0.25,7438,COVID-19
DE,00-04,2022-02-11,2022-01-29,-13 day ahead inc hosp,quantile,0.25,358,COVID-19
DE,05-14,2022-02-11,2022-01-29,-13 day ahead inc hosp,quantile,0.25,351,COVID-19
DE,15-34,2022-02-11,2022-01-29,-13 day ahead inc hosp,quantile,0.25,1297,COVID-19
DE,35-59,2022-02-11,2022-01-29,-13 day ahead inc hosp,quantile,0.25,1800,COVID-19
DE,60-79,2022-02-11,2022-01-29,-13 day ahead inc hosp,quantile,0.25,1791,COVID-19
DE,80+,2022-02-11,2022-01-29,-13 day ahead inc hosp,quantile,0.25,1802,COVID-19
DE,00+,2022-02-11,2022-01-30,-12 day ahead inc hosp,quantile,0.25,7642,COVID-19
DE,00-04,2022-02-11,2022-01-30,-12 day ahead inc hosp,quantile,0.25,378,COVID-19
DE,05-14,2022-02-11,2022-01-30,-12 day ahead inc hosp,quantile,0.25,361,COVID-19
DE,15-34,2022-02-11,2022-01-30,-12 day ahead inc hosp,quantile,0.25,1340,COVID-19
DE,35-59,2022-02-11,2022-01-30,-12 day ahead inc hosp,quantile,0.25,1845,COVID-19
DE,60-79,2022-02-11,2022-01-30,-12 day ahead inc hosp,quantile,0.25,1827,COVID-19
DE,80+,2022-02-11,2022-01-30,-12 day ahead inc hosp,quantile,0.25,1844.75,COVID-19
DE,00+,2022-02-11,2022-01-31,-11 day ahead inc hosp,quantile,0.25,7649.75,COVID-19
DE,00-04,2022-02-11,2022-01-31,-11 day ahead inc hosp,quantile,0.25,366,COVID-19
DE,05-14,2022-02-11,2022-01-31,-11 day ahead inc hosp,quantile,0.25,379,COVID-19
DE,15-34,2022-02-11,2022-01-31,-11 day ahead inc hosp,quantile,0.25,1317,COVID-19
DE,35-59,2022-02-11,2022-01-31,-11 day ahead inc hosp,quantile,0.25,1837,COVID-19
DE,60-79,2022-02-11,2022-01-31,-11 day ahead inc hosp,quantile,0.25,1854,COVID-19
DE,80+,2022-02-11,2022-01-31,-11 day ahead inc hosp,quantile,0.25,1850,COVID-19
DE,00+,2022-02-11,2022-02-01,-10 day ahead inc hosp,quantile,0.25,7689,COVID-19
DE,00-04,2022-02-11,2022-02-01,-10 day ahead inc hosp,quantile,0.25,385,COVID-19
DE,05-14,2022-02-11,2022-02-01,-10 day ahead inc hosp,quantile,0.25,385,COVID-19
DE,15-34,2022-02-11,2022-02-01,-10 day ahead inc hosp,quantile,0.25,1320,COVID-19
DE,35-59,2022-02-11,2022-02-01,-10 day ahead inc hosp,quantile,0.25,1836,COVID-19
DE,60-79,2022-02-11,2022-02-01,-10 day ahead inc hosp,quantile,0.25,1874,COVID-19
DE,80+,2022-02-11,2022-02-01,-10 day ahead inc hosp,quantile,0.25,1855,COVID-19
DE,00+,2022-02-11,2022-02-02,-9 day ahead inc hosp,quantile,0.25,7862,COVID-19
DE,00-04,2022-02-11,2022-02-02,-9 day ahead inc hosp,quantile,0.25,376,COVID-19
DE,05-14,2022-02-11,2022-02-02,-9 day ahead inc hosp,quantile,0.25,395,COVID-19
DE,15-34,2022-02-11,2022-02-02,-9 day ahead inc hosp,quantile,0.25,1313,COVID-19
DE,35-59,2022-02-11,2022-02-02,-9 day ahead inc hosp,quantile,0.25,1850,COVID-19
DE,60-79,2022-02-11,2022-02-02,-9 day ahead inc hosp,quantile,0.25,1945,COVID-19
DE,80+,2022-02-11,2022-02-02,-9 day ahead inc hosp,quantile,0.25,1963,COVID-19
DE,00+,2022-02-11,2022-02-03,-8 day ahead inc hosp,quantile,0.25,8133,COVID-19
DE,00-04,2022-02-11,2022-02-03,-8 day ahead inc hosp,quantile,0.25,373,COVID-19
DE,05-14,2022-02-11,2022-02-03,-8 day ahead inc hosp,quantile,0.25,404,COVID-19
DE,15-34,2022-02-11,2022-02-03,-8 day ahead inc hosp,quantile,0.25,1347,COVID-19
DE,35-59,2022-02-11,2022-02-03,-8 day ahead inc hosp,quantile,0.25,1883,COVID-19
DE,60-79,2022-02-11,2022-02-03,-8 day ahead inc hosp,quantile,0.25,2064,COVID-19
DE,80+,2022-02-11,2022-02-03,-8 day ahead inc hosp,quantile,0.25,2037.75,COVID-19
DE,00+,2022-02-11,2022-02-04,-7 day ahead inc hosp,quantile,0.25,8541,COVID-19
DE,00-04,2022-02-11,2022-02-04,-7 day ahead inc hosp,quantile,0.25,391,COVID-19
DE,05-14,2022-02-11,2022-02-04,-7 day ahead inc hosp,quantile,0.25,411,COVID-19
DE,15-34,2022-02-11,2022-02-04,-7 day ahead inc hosp,quantile,0.25,1388,COVID-19
DE,35-59,2022-02-11,2022-02-04,-7 day ahead inc hosp,quantile,0.25,1890,COVID-19
DE,60-79,2022-02-11,2022-02-04,-7 day ahead inc hosp,quantile,0.25,2207,COVID-19
DE,80+,2022-02-11,2022-02-04,-7 day ahead inc hosp,quantile,0.25,2232,COVID-19
DE,00+,2022-02-11,2022-02-05,-6 day ahead inc hosp,quantile,0.25,8816.75,COVID-19
DE,00-04,2022-02-11,2022-02-05,-6 day ahead inc hosp,quantile,0.25,403,COVID-19
DE,05-14,2022-02-11,2022-02-05,-6 day ahead inc hosp,quantile,0.25,423,COVID-19
DE,15-34,2022-02-11,2022-02-05,-6 day ahead inc hosp,quantile,0.25,1432,COVID-19
DE,35-59,2022-02-11,2022-02-05,-6 day ahead inc hosp,quantile,0.25,1910,COVID-19
DE,60-79,2022-02-11,2022-02-05,-6 day ahead inc hosp,quantile,0.25,2320,COVID-19
DE,80+,2022-02-11,2022-02-05,-6 day ahead inc hosp,quantile,0.25,2307,COVID-19
DE,00+,2022-02-11,2022-02-06,-5 day ahead inc hosp,quantile,0.25,8923.75,COVID-19
DE,00-04,2022-02-11,2022-02-06,-5 day ahead inc hosp,quantile,0.25,395,COVID-19
DE,05-14,2022-02-11,2022-02-06,-5 day ahead inc hosp,quantile,0.25,428,COVID-19
DE,15-34,2022-02-11,2022-02-06,-5 day ahead inc hosp,quantile,0.25,1390,COVID-19
DE,35-59,2022-02-11,2022-02-06,-5 day ahead inc hosp,quantile,0.25,1925,COVID-19
DE,60-79,2022-02-11,2022-02-06,-5 day ahead inc hosp,quantile,0.25,2365,COVID-19
DE,80+,2022-02-11,2022-02-06,-5 day ahead inc hosp,quantile,0.25,2370,COVID-19
DE,00+,2022-02-11,2022-02-07,-4 day ahead inc hosp,quantile,0.25,9008,COVID-19
DE,00-04,2022-02-11,2022-02-07,-4 day ahead inc hosp,quantile,0.25,408,COVID-19
DE,05-14,2022-02-11,2022-02-07,-4 day ahead inc hosp,quantile,0.25,420,COVID-19
DE,15-34,2022-02-11,2022-02-07,-4 day ahead inc hosp,quantile,0.25,1388,COVID-19
DE,35-59,2022-02-11,2022-02-07,-4 day ahead inc hosp,quantile,0.25,1950,COVID-19
DE,60-79,2022-02-11,2022-02-07,-4 day ahead inc hosp,quantile,0.25,2387,COVID-19
DE,80+,2022-02-11,2022-02-07,-4 day ahead inc hosp,quantile,0.25,2421,COVID-19
DE,00+,2022-02-11,2022-02-08,-3 day ahead inc hosp,quantile,0.25,9058,COVID-19
DE,00-04,2022-02-11,2022-02-08,-3 day ahead inc hosp,quantile,0.25,384,COVID-19
DE,05-14,2022-02-11,2022-02-08,-3 day ahead inc hosp,quantile,0.25,409,COVID-19
DE,15-34,2022-02-11,2022-02-08,-3 day ahead inc hosp,quantile,0.25,1395,COVID-19
DE,35-59,2022-02-11,2022-02-08,-3 day ahead inc hosp,quantile,0.25,1941,COVID-19
DE,60-79,2022-02-11,2022-02-08,-3 day ahead inc hosp,quantile,0.25,2392,COVID-19
DE,80+,2022-02-11,2022-02-08,-3 day ahead inc hosp,quantile,0.25,2488,COVID-19
DE,00+,2022-02-11,2022-02-09,-2 day ahead inc hosp,quantile,0.25,8948,COVID-19
DE,00-04,2022-02-11,2022-02-09,-2 day ahead inc hosp,quantile,0.25,379,COVID-19
DE,05-14,2022-02-11,2022-02-09,-2 day ahead inc hosp,quantile,0.25,393,COVID-19
DE,15-34,2022-02-11,2022-02-09,-2 day ahead inc hosp,quantile,0.25,1361,COVID-19
DE,35-59,2022-02-11,2022-02-09,-2 day ahead inc hosp,quantile,0.25,1884,COVID-19
DE,60-79,2022-02-11,2022-02-09,-2 day ahead inc hosp,quantile,0.25,2392,COVID-19
DE,80+,2022-02-11,2022-02-09,-2 day ahead inc hosp,quantile,0.25,2482,COVID-19
DE,00+,2022-02-11,2022-02-10,-1 day ahead inc hosp,quantile,0.25,8793,COVID-19
DE,00-04,2022-02-11,2022-02-10,-1 day ahead inc hosp,quantile,0.25,389,COVID-19
DE,05-14,2022-02-11,2022-02-10,-1 day ahead inc hosp,quantile,0.25,366,COVID-19
DE,15-34,2022-02-11,2022-02-10,-1 day ahead inc hosp,quantile,0.25,1350,COVID-19
DE,35-59,2022-02-11,2022-02-10,-1 day ahead inc hosp,quantile,0.25,1824,COVID-19
DE,60-79,2022-02-11,2022-02-10,-1 day ahead inc hosp,quantile,0.25,2322,COVID-19
DE,80+,2022-02-11,2022-02-10,-1 day ahead inc hosp,quantile,0.25,2472,COVID-19
DE,00+,2022-02-11,2022-02-11,0 day ahead inc hosp,quantile,0.25,8400.75,COVID-19
DE,00-04,2022-02-11,2022-02-11,0 day ahead inc hosp,quantile,0.25,368,COVID-19
DE,05-14,2022-02-11,2022-02-11,0 day ahead inc hosp,quantile,0.25,373,COVID-19
DE,15-34,2022-02-11,2022-02-11,0 day ahead inc hosp,quantile,0.25,1316,COVID-19
DE,35-59,2022-02-11,2022-02-11,0 day ahead inc hosp,quantile,0.25,1776,COVID-19
DE,60-79,2022-02-11,2022-02-11,0 day ahead inc hosp,quantile,0.25,2170.75,COVID-19
DE,80+,2022-02-11,2022-02-11,0 day ahead inc hosp,quantile,0.25,2338,COVID-19
DE,00+,2022-02-11,2022-01-14,-28 day ahead inc hosp,median,,4694,COVID-19
DE,00-04,2022-02-11,2022-01-14,-28 day ahead inc hosp,median,,199,COVID-19
DE,05-14,2022-02-11,2022-01-14,-28 day ahead inc hosp,median,,179,COVID-19
DE,15-34,2022-02-11,2022-01-14,-28 day ahead inc hosp,median,,879,COVID-19
DE,35-59,2022-02-11,2022-01-14,-28 day ahead inc hosp,median,,1243,COVID-19
DE,60-79,2022-02-11,2022-01-14,-28 day ahead inc hosp,median,,1196,COVID-19
DE,80+,2022-02-11,2022-01-14,-28 day ahead inc hosp,median,,993,COVID-19
DE,00+,2022-02-11,2022-01-15,-27 day ahead inc hosp,median,,4747,COVID-19
DE,00-04,2022-02-11,2022-01-15,-27 day ahead inc hosp,median,,211,COVID-19
DE,05-14,2022-02-11,2022-01-15,-27 day ahead inc hosp,median,,192,COVID-19
DE,15-34,2022-02-11,2022-01-15,-27 day ahead inc hosp,median,,861,COVID-19
DE,35-59,2022-02-11,2022-01-15,-27 day ahead inc hosp,median,,1277,COVID-19
DE,60-79,2022-02-11,2022-01-15,-27 day ahead inc hosp,median,,1198.5,COVID-19
DE,80+,2022-02-11,2022-01-15,-27 day ahead inc hosp,median,,1005,COVID-19
DE,00+,2022-02-11,2022-01-16,-26 day ahead inc hosp,median,,4775,COVID-19
DE,00-04,2022-02-11,2022-01-16,-26 day ahead inc hosp,median,,214,COVID-19
DE,05-14,2022-02-11,2022-01-16,-26 day ahead inc hosp,median,,189,COVID-19
DE,15-34,2022-02-11,2022-01-16,-26 day ahead inc hosp,median,,868,COVID-19
DE,35-59,2022-02-11,2022-01-16,-26 day ahead inc hosp,median,,1290,COVID-19
DE,60-79,2022-02-11,2022-01-16,-26 day ahead inc hosp,median,,1192,COVID-19
DE,80+,2022-02-11,2022-01-16,-26 day ahead inc hosp,median,,1017,COVID-19
DE,00+,2022-02-11,2022-01-17,-25 day ahead inc hosp,median,,4810,COVID-19
DE,00-04,2022-02-11,2022-01-17,-25 day ahead inc hosp,median,,224,COVID-19
DE,05-14,2022-02-11,2022-01-17,-25 day ahead inc hosp,median,,190,COVID-19
DE,15-34,2022-02-11,2022-01-17,-25 day ahead inc hosp,median,,861,COVID-19
DE,35-59,2022-02-11,2022-01-17,-25 day ahead inc hosp,median,,1287,COVID-19
DE,60-79,2022-02-11,2022-01-17,-25 day ahead inc hosp,median,,1211,COVID-19
DE,80+,2022-02-11,2022-01-17,-25 day ahead inc hosp,median,,1036,COVID-19
DE,00+,2022-02-11,2022-01-18,-24 day ahead inc hosp,median,,4960,COVID-19
DE,00-04,2022-02-11,2022-01-18,-24 day ahead inc hosp,median,,237,COVID-19
DE,05-14,2022-02-11,2022-01-18,-24 day ahead inc hosp,median,,207,COVID-19
DE,15-34,2022-02-11,2022-01-18,-24 day ahead inc hosp,median,,893,COVID-19
DE,35-59,2022-02-11,2022-01-18,-24 day ahead inc hosp,median,,1280,COVID-19
DE,60-79,2022-02-11,2022-01-18,-24 day ahead inc hosp,median,,1243,COVID-19
DE,80+,2022-02-11,2022-01-18,-24 day ahead inc hosp,median,,1098,COVID-19
DE,00+,2022-02-11,2022-01-19,-23 day ahead inc hosp,median,,5219,COVID-19
DE,00-04,2022-02-11,2022-01-19,-23 day ahead inc hosp,median,,245,COVID-19
DE,05-14,2022-02-11,2022-01-19,-23 day ahead inc hosp,median,,216,COVID-19
DE,15-34,2022-02-11,2022-01-19,-23 day ahead inc hosp,median,,955,COVID-19
DE,35-59,2022-02-11,2022-01-19,-23 day ahead inc hosp,median,,1347,COVID-19
DE,60-79,2022-02-11,2022-01-19,-23 day ahead inc hosp,median,,1301,COVID-19
DE,80+,2022-02-11,2022-01-19,-23 day ahead inc hosp,median,,1151,COVID-19
DE,00+,2022-02-11,2022-01-20,-22 day ahead inc hosp,median,,5497,COVID-19
DE,00-04,2022-02-11,2022-01-20,-22 day ahead inc hosp,median,,260,COVID-19
DE,05-14,2022-02-11,2022-01-20,-22 day ahead inc hosp,median,,228,COVID-19
DE,15-34,2022-02-11,2022-01-20,-22 day ahead inc hosp,median,,984,COVID-19
DE,35-59,2022-02-11,2022-01-20,-22 day ahead inc hosp,median,,1433,COVID-19
DE,60-79,2022-02-11,2022-01-20,-22 day ahead inc hosp,median,,1377,COVID-19
DE,80+,2022-02-11,2022-01-20,-22 day ahead inc hosp,median,,1213,COVID-19
DE,00+,2022-02-11,2022-01-21,-21 day ahead inc hosp,median,,5728,COVID-19
DE,00-04,2022-02-11,2022-01-21,-21 day ahead inc hosp,median,,271,COVID-19
DE,05-14,2022-02-11,2022-01-21,-21 day ahead inc hosp,median,,257,COVID-19
DE,15-34,2022-02-11,2022-01-21,-21 day ahead inc hosp,median,,1049,COVID-19
DE,35-59,2022-02-11,2022-01-21,-21 day ahead inc hosp,median,,1481,COVID-19
DE,60-79,2022-02-11,2022-01-21,-21 day ahead inc hosp,median,,1417,COVID-19
DE,80+,2022-02-11,2022-01-21,-21 day ahead inc hosp,median,,1254,COVID-19
DE,00+,2022-02-11,2022-01-22,-20 day ahead inc hosp,median,,6016,COVID-19
DE,00-04,2022-02-11,2022-01-22,-20 day ahead inc hosp,median,,298,COVID-19
DE,05-14,2022-02-11,2022-01-22,-20 day ahead inc hosp,median,,279,COVID-19
DE,15-34,2022-02-11,2022-01-22,-20 day ahead inc hosp,median,,1115,COVID-19
DE,35-59,2022-02-11,2022-01-22,-20 day ahead inc hosp,median,,1540,COVID-19
DE,60-79,2022-02-11,2022-01-22,-20 day ahead inc hosp,median,,1478,COVID-19
DE,80+,2022-02-11,2022-01-22,-20 day ahead inc hosp,median,,1307,COVID-19
DE,00+,2022-02-11,2022-01-23,-19 day ahead inc hosp,median,,6125,COVID-19
DE,00-04,2022-02-11,2022-01-23,-19 day ahead inc hosp,median,,292,COVID-19
DE,05-14,2022-02-11,2022-01-23,-19 day ahead inc hosp,median,,296,COVID-19
DE,15-34,2022-02-11,2022-01-23,-19 day ahead inc hosp,median,,1155,COVID-19
DE,35-59,2022-02-11,2022-01-23,-19 day ahead inc hosp,median,,1543,COVID-19
DE,60-79,2022-02-11,2022-01-23,-19 day ahead inc hosp,median,,1498,COVID-19
DE,80+,2022-02-11,2022-01-23,-19 day ahead inc hosp,median,,1347,COVID-19
DE,00+,2022-02-11,2022-01-24,-18 day ahead inc hosp,median,,6335,COVID-19
DE,00-04,2022-02-11,2022-01-24,-18 day ahead inc hosp,median,,305,COVID-19
DE,05-14,2022-02-11,2022-01-24,-18 day ahead inc hosp,median,,301,COVID-19
DE,15-34,2022-02-11,2022-01-24,-18 day ahead inc hosp,median,,1214,COVID-19
DE,35-59,2022-02-11,2022-01-24,-18 day ahead inc hosp,median,,1597,COVID-19
DE,60-79,2022-02-11,2022-01-24,-18 day ahead inc hosp,median,,1519,COVID-19
DE,80+,2022-02-11,2022-01-24,-18 day ahead inc hosp,median,,1404,COVID-19
DE,00+,2022-02-11,2022-01-25,-17 day ahead inc hosp,median,,6662.5,COVID-19
DE,00-04,2022-02-11,2022-01-25,-17 day ahead inc hosp,median,,318,COVID-19
DE,05-14,2022-02-11,2022-01-25,-17 day ahead inc hosp,median,,324,COVID-19
DE,15-34,2022-02-11,2022-01-25,-17 day ahead inc hosp,median,,1256,COVID-19
DE,35-59,2022-02-11,2022-01-25,-17 day ahead inc hosp,median,,1676,COVID-19
DE,60-79,2022-02-11,2022-01-25,-17 day ahead inc hosp,median,,1602,COVID-19
DE,80+,2022-02-11,2022-01-25,-17 day ahead inc hosp,median,,1488,COVID-19
DE,00+,2022-02-11,2022-01-26,-16 day ahead inc hosp,median,,6971,COVID-19
DE,00-04,2022-02-11,2022-01-26,-16 day ahead inc hosp,median,,350,COVID-19
DE,05-14,2022-02-11,2022-01-26,-16 day ahead inc hosp,median,,344,COVID-19
DE,15-34,2022-02-11,2022-01-26,-16 day ahead inc hosp,median,,1305,COVID-19
DE,35-59,2022-02-11,2022-01-26,-16 day ahead inc hosp,median,,1711,COVID-19
DE,60-79,2022-02-11,2022-01-26,-16 day ahead inc hosp,median,,1698,COVID-19
DE,80+,2022-02-11,2022-01-26,-16 day ahead inc hosp,median,,1571,COVID-19
DE,00+,2022-02-11,2022-01-27,-15 day ahead inc hosp,median,,7137,COVID-19
DE,00-04,2022-02-11,2022-01-27,-15 day ahead inc hosp,median,,352,COVID-19
DE,05-14,2022-02-11,2022-01-27,-15 day ahead inc hosp,median,,361,COVID-19
DE,15-34,2022-02-11,2022-01-27,-15 day ahead inc hosp,median,,1307,COVID-19
DE,35-59,2022-02-11,2022-01-27,-15 day ahead inc hosp,median,,1745,COVID-19
DE,60-79,2022-02-11,2022-01-27,-15 day ahead inc hosp,median,,1724,COVID-19
DE,80+,2022-02-11,2022-01-27,-15 day ahead inc hosp,median,,1656,COVID-19
DE,00+,2022-02-11,2022-01-28,-14 day ahead inc hosp,median,,7331,COVID-19
DE,00-04,2022-02-11,2022-01-28,-14 day ahead inc hosp,median,,359,COVID-19
DE,05-14,2022-02-11,2022-01-28,-14 day ahead inc hosp,median,,354,COVID-19
DE,15-34,2022-02-11,2022-01-28,-14 day ahead inc hosp,median,,1310,COVID-19
DE,35-59,2022-02-11,2022-01-28,-14 day ahead inc hosp,median,,1792,COVID-19
DE,60-79,2022-02-11,2022-01-28,-14 day ahead inc hosp,median,,1786,COVID-19
DE,80+,2022-02-11,2022-01-28,-14 day ahead inc hosp,median,,1728,COVID-19
DE,00+,2022-02-11,2022-01-29,-13 day ahead inc hosp,median,,7477.5,COVID-19
DE,00-04,2022-02-11,2022-01-29,-13 day ahead inc hosp,median,,363,COVID-19
DE,05-14,2022-02-11,2022-01-29,-13 day ahead inc hosp,median,,356,COVID-19
DE,15-34,2022-02-11,2022-01-29,-13 day ahead inc hosp,median,,1307,COVID-19
DE,35-59,2022-02-11,2022-01-29,-13 day ahead inc hosp,median,,1814,COVID-19
DE,60-79,2022-02-11,2022-01-29,-13 day ahead inc hosp,median,,1804,COVID-19
DE,80+,2022-02-11,2022-01-29,-13 day ahead inc hosp,median,,1816,COVID-19
DE,00+,2022-02-11,2022-01-30,-12 day ahead inc hosp,median,,7683,COVID-19
DE,00-04,2022-02-11,2022-01-30,-12 day ahead inc hosp,median,,383,COVID-19
DE,05-14,2022-02-11,2022-01-30,-12 day ahead inc hosp,median,,366,COVID-19
DE,15-34,2022-02-11,2022-01-30,-12 day ahead inc hosp,median,,1352,COVID-19
DE,35-59,2022-02-11,2022-01-30,-12 day ahead inc hosp,median,,1859,COVID-19
DE,60-79,2022-02-11,2022-01-30,-12 day ahead inc hosp,median,,1841,COVID-19
DE,80+,2022-02-11,2022-01-30,-12 day ahead inc hosp,median,,1860,COVID-19
DE,00+,2022-02-11,2022-01-31,-11 day ahead inc hosp,median,,7693.5,COVID-19
DE,00-04,2022-02-11,2022-01-31,-11 day ahead inc hosp,median,,372,COVID-19
DE,05-14,2022-02-11,2022-01-31,-11 day ahead inc hosp,median,,384,COVID-19
DE,15-34,2022-02-11,2022-01-31,-11 day ahead inc hosp,median,,1328,COVID-19
DE,35-59,2022-02-11,2022-01-31,-11 day ahead inc hosp,median,,1852,COVID-19
DE,60-79,2022-02-11,2022-01-31,-11 day ahead inc hosp,median,,1868,COVID-19
DE,80+,2022-02-11,2022-01-31,-11 day ahead inc hosp,median,,1865,COVID-19
DE,00+,2022-02-11,2022-02-01,-10 day ahead inc hosp,median,,7740,COVID-19
DE,00-04,2022-02-11,2022-02-01,-10 day ahead inc hosp,median,,391,COVID-19
DE,05-14,2022-02-11,2022-02-01,-10 day ahead inc hosp,median,,390,COVID-19
DE,15-34,2022-02-11,2022-02-01,-10 day ahead inc hosp,median,,1332,COVID-19
DE,35-59,2022-02-11,2022-02-01,-10 day ahead inc hosp,median,,1851,COVID-19
DE,60-79,2022-02-11,2022-02-01,-10 day ahead inc hosp,median,,1890,COVID-19
DE,80+,2022-02-11,2022-02-01,-10 day ahead inc hosp,median,,1872,COVID-19
DE,00+,2022-02-11,2022-02-02,-9 day ahead inc hosp,median,,7917,COVID-19
DE,00-04,2022-02-11,2022-02-02,-9 day ahead inc hosp,median,,382,COVID-19
DE,05-14,2022-02-11,2022-02-02,-9 day ahead inc hosp,median,,401,COVID-19
DE,15-34,2022-02-11,2022-02-02,-9 day ahead inc hosp,median,,1326,COVID-19
DE,35-59,2022-02-11,2022-02-02,-9 day ahead inc hosp,median,,1867,COVID-19
DE,60-79,2022-02-11,2022-02-02,-9 day ahead inc hosp,median,,1964,COVID-19
DE,80+,2022-02-11,2022-02-02,-9 day ahead inc hosp,median,,1982,COVID-19
DE,00+,2022-02-11,2022-02-03,-8 day ahead inc hosp,median,,8201,COVID-19
DE,00-04,2022-02-11,2022-02-03,-8 day ahead inc hosp,median,,380,COVID-19
DE,05-14,2022-02-11,2022-02-03,-8 day ahead inc hosp,median,,410,COVID-19
DE,15-34,2022-02-11,2022-02-03,-8 day ahead inc hosp,median,,1361,COVID-19
DE,35-59,2022-02-11,2022-02-03,-8 day ahead inc hosp,median,,1904,COVID-19
DE,60-79,2022-02-11,2022-02-03,-8 day ahead inc hosp,median,,2086,COVID-19
DE,80+,2022-02-11,2022-02-03,-8 day ahead inc hosp,median,,2061,COVID-19
DE,00+,2022-02-11,2022-02-04,-7 day ahead inc hosp,median,,8629,COVID-19
DE,00-04,2022-02-11,2022-02-04,-7 day ahead inc hosp,median,,398,COVID-19
DE,05-14,2022-02-11,2022-02-04,-7 day ahead inc hosp,median,,418,COVID-19
DE,15-34,2022-02-11,2022-02-04,-7 day ahead inc hosp,median,,1406,COVID-19
DE,35-59,2022-02-11,2022-02-04,-7 day ahead inc hosp,median,,1913,COVID-19
DE,60-79,2022-02-11,2022-02-04,-7 day ahead inc hosp,median,,2236,COVID-19
DE,80+,2022-02-11,2022-02-04,-7 day ahead inc hosp,median,,2261,COVID-19
DE,00+,2022-02-11,2022-02-05,-6 day ahead inc hosp,median,,8921,COVID-19
DE,00-04,2022-02-11,2022-02-05,-6 day ahead inc hosp,median,,411,COVID-19
DE,05-14,2022-02-11,2022-02-05,-6 day ahead inc hosp,median,,431,COVID-19
DE,15-34,2022-02-11,2022-02-05,-6 day ahead inc hosp,median,,1452,COVID-19
DE,35-59,2022-02-11,2022-02-05,-6 day ahead inc hosp,median,,1937,COVID-19
DE,60-79,2022-02-11,2022-02-05,-6 day ahead inc hosp,median,,2354,COVID-19
DE,80+,2022-02-11,2022-02-05,-6 day ahead inc hosp,median,,2341,COVID-19
DE,00+,2022-02-11,2022-02-06,-5 day ahead inc hosp,median,,9037,COVID-19
DE,00-04,2022-02-11,2022-02-06,-5 day ahead inc hosp,median,,404,COVID-19
DE,05-14,2022-02-11,2022-02-06,-5 day ahead inc hosp,median,,437,COVID-19
DE,15-34,2022-02-11,2022-02-06,-5 day ahead inc hosp,median,,1410,COVID-19
DE,35-59,2022-02-11,2022-02-06,-5 day ahead inc hosp,median,,1956,COVID-19
DE,60-79,2022-02-11,2022-02-06,-5 day ahead inc hosp,median,,2400,COVID-19
DE,80+,2022-02-11,2022-02-06,-5 day ahead inc hosp,median,,2405.5,COVID-19
DE,00+,2022-02-11,2022-02-07,-4 day ahead inc hosp,median,,9135,COVID-19
DE,00-04,2022-02-11,2022-02-07,-4 day ahead inc hosp,median,,417,COVID-19
DE,05-14,2022-02-11,2022-02-07,-4 day ahead inc hosp,median,,430,COVID-19
DE,15-34,2022-02-11,2022-02-07,-4 day ahead inc hosp,median,,1410,COVID-19
DE,35-59,2022-02-11,2022-02-07,-4 day ahead inc hosp,median,,1983,COVID-19
DE,60-79,2022-02-11,2022-02-07,-4 day ahead inc hosp,median,,2427,COVID-19
DE,80+,2022-02-11,2022-02-07,-4 day ahead inc hosp,median,,2459.5,COVID-19
DE,00+,2022-02-11,2022-02-08,-3 day ahead inc hosp,median,,9191,COVID-19
DE,00-04,2022-02-11,2022-02-08,-3 day ahead inc hosp,median,,393.5,COVID-19
DE,05-14,2022-02-11,2022-02-08,-3 day ahead inc hosp,median,,419,COVID-19
DE,15-34,2022-02-11,2022-02-08,-3 day ahead inc hosp,median,,1418.5,COVID-19
DE,35-59,2022-02-11,2022-02-08,-3 day ahead inc hosp,median,,1975,COVID-19
DE,60-79,2022-02-11,2022-02-08,-3 day ahead inc hosp,median,,2435,COVID-19
DE,80+,2022-02-11,2022-02-08,-3 day ahead inc hosp,median,,2532,COVID-19
DE,00+,2022-02-11,2022-02-09,-2 day ahead inc hosp,median,,9135.5,COVID-19
DE,00-04,2022-02-11,2022-02-09,-2 day ahead inc hosp,median,,390,COVID-19
DE,05-14,2022-02-11,2022-02-09,-2 day ahead inc hosp,median,,403,COVID-19
DE,15-34,2022-02-11,2022-02-09,-2 day ahead inc hosp,median,,1393,COVID-19
DE,35-59,2022-02-11,2022-02-09,-2 day ahead inc hosp,median,,1922,COVID-19
DE,60-79,2022-02-11,2022-02-09,-2 day ahead inc hosp,median,,2445,COVID-19
DE,80+,2022-02-11,2022-02-09,-2 day ahead inc hosp,median,,2538,COVID-19
DE,00+,2022-02-11,2022-02-10,-1 day ahead inc hosp,median,,9079,COVID-19
DE,00-04,2022-02-11,2022-02-10,-1 day ahead inc hosp,median,,404,COVID-19
DE,05-14,2022-02-11,2022-02-10,-1 day ahead inc hosp,median,,381,COVID-19
DE,15-34,2022-02-11,2022-02-10,-1 day ahead inc hosp,median,,1396,COVID-19
DE,35-59,2022-02-11,2022-02-10,-1 day ahead inc hosp,median,,1888,COVID-19
DE,60-79,2022-02-11,2022-02-10,-1 day ahead inc hosp,median,,2405,COVID-19
DE,80+,2022-02-11,2022-02-10,-1 day ahead inc hosp,median,,2559,COVID-19
DE,00+,2022-02-11,2022-02-11,0 day ahead inc hosp,median,,8880,COVID-19
DE,00-04,2022-02-11,2022-02-11,0 day ahead inc hosp,median,,390,COVID-19
DE,05-14,2022-02-11,2022-02-11,0 day ahead inc hosp,median,,397,COVID-19
DE,15-34,2022-02-11,2022-02-11,0 day ahead inc hosp,median,,1394,COVID-19
DE,35-59,2022-02-11,2022-02-11,0 day ahead inc hosp,median,,1874,COVID-19
DE,60-79,2022-02-11,2022-02-11,0 day ahead inc hosp,median,,2295,COVID-19
DE,80+,2022-02-11,2022-02-11,0 day ahead inc hosp,median,,2470,COVID-19
DE,00+,2022-02-11,2022-01-14,-28 day ahead inc hosp,quantile,0.75,4699,COVID-19
DE,00-04,2022-02-11,2022-01-14,-28 day ahead inc hosp,quantile,0.75,200,COVID-19
DE,05-14,2022-02-11,2022-01-14,-28 day ahead inc hosp,quantile,0.75,180,COVID-19
DE,15-34,2022-02-11,2022-01-14,-28 day ahead inc hosp,quantile,0.75,881,COVID-19
DE,35-59,2022-02-11,2022-01-14,-28 day ahead inc hosp,quantile,0.75,1245,COVID-19
DE,60-79,2022-02-11,2022-01-14,-28 day ahead inc hosp,quantile,0.75,1198,COVID-19
DE,80+,2022-02-11,2022-01-14,-28 day ahead inc hosp,quantile,0.75,995,COVID-19
DE,00+,2022-02-11,2022-01-15,-27 day ahead inc hosp,quantile,0.75,4753,COVID-19
DE,00-04,2022-02-11,2022-01-15,-27 day ahead inc hosp,quantile,0.75,212,COVID-19
DE,05-14,2022-02-11,2022-01-15,-27 day ahead inc hosp,quantile,0.75,193,COVID-19
DE,15-34,2022-02-11,2022-01-15,-27 day ahead inc hosp,quantile,0.75,863,COVID-19
DE,35-59,2022-02-11,2022-01-15,-27 day ahead inc hosp,quantile,0.75,1279,COVID-19
DE,60-79,2022-02-11,2022-01-15,-27 day ahead inc hosp,quantile,0.75,1201,COVID-19
DE,80+,2022-02-11,2022-01-15,-27 day ahead inc hosp,quantile,0.75,1007,COVID-19
DE,00+,2022-02-11,2022-01-16,-26 day ahead inc hosp,quantile,0.75,4782,COVID-19
DE,00-04,2022-02-11,2022-01-16,-26 day ahead inc hosp,quantile,0.75,216,COVID-19
DE,05-14,2022-02-11,2022-01-16,-26 day ahead inc hosp,quantile,0.75,190,COVID-19
DE,15-34,2022-02-11,2022-01-16,-26 day ahead inc hosp,quantile,0.75,870,COVID-19
DE,35-59,2022-02-11,2022-01-16,-26 day ahead inc hosp,quantile,0.75,1293,COVID-19
DE,60-79,2022-02-11,2022-01-16,-26 day ahead inc hosp,quantile,0.75,1195,COVID-19
DE,80+,2022-02-11,2022-01-16,-26 day ahead inc hosp,quantile,0.75,1020,COVID-19
DE,00+,2022-02-11,2022-01-17,-25 day ahead inc hosp,quantile,0.75,4817,COVID-19
DE,00-04,2022-02-11,2022-01-17,-25 day ahead inc hosp,quantile,0.75,225,COVID-19
DE,05-14,2022-02-11,2022-01-17,-25 day ahead inc hosp,quantile,0.75,192,COVID-19
DE,15-34,2022-02-11,2022-01-17,-25 day ahead inc hosp,quantile,0.75,863,COVID-19
DE,35-59,2022-02-11,2022-01-17,-25 day ahead inc hosp,quantile,0.75,1290,COVID-19
DE,60-79,2022-02-11,2022-01-17,-25 day ahead inc hosp,quantile,0.75,1214,COVID-19
DE,80+,2022-02-11,2022-01-17,-25 day ahead inc hosp,quantile,0.75,1039,COVID-19
DE,00+,2022-02-11,2022-01-18,-24 day ahead inc hosp,quantile,0.75,4969,COVID-19
DE,00-04,2022-02-11,2022-01-18,-24 day ahead inc hosp,quantile,0.75,238,COVID-19
DE,05-14,2022-02-11,2022-01-18,-24 day ahead inc hosp,quantile,0.75,208,COVID-19
DE,15-34,2022-02-11,2022-01-18,-24 day ahead inc hosp,quantile,0.75,896,COVID-19
DE,35-59,2022-02-11,2022-01-18,-24 day ahead inc hosp,quantile,0.75,1284,COVID-19
DE,60-79,2022-02-11,2022-01-18,-24 day ahead inc hosp,quantile,0.75,1247,COVID-19
DE,80+,2022-02-11,2022-01-18,-24 day ahead inc hosp,quantile,0.75,1101,COVID-19
DE,00+,2022-02-11,2022-01-19,-23 day ahead inc hosp,quantile,0.75,5229,COVID-19
DE,00-04,2022-02-11,2022-01-19,-23 day ahead inc hosp,quantile,0.75,247,COVID-19
DE,05-14,2022-02-11,2022-01-19,-23 day ahead inc hosp,quantile,0.75,218,COVID-19
DE,15-34,2022-02-11,2022-01-19,-23 day ahead inc hosp,quantile,0.75,958,COVID-19
DE,35-59,2022-02-11,2022-01-19,-23 day ahead inc hosp,quantile,0.75,1351,COVID-19
DE,60-79,2022-02-11,2022-01-19,-23 day ahead inc hosp,quantile,0.75,1306,COVID-19
DE,80+,2022-02-11,2022-01-19,-23 day ahead inc hosp,quantile,0.75,1156,COVID-19
DE,00+,2022-02-11,2022-01-20,-22 day ahead inc hosp,quantile,0.75,5509,COVID-19
DE,00-04,2022-02-11,2022-01-20,-22 day ahead inc hosp,quantile,0.75,262,COVID-19
DE,05-14,2022-02-11,2022-01-20,-22 day ahead inc hosp,quantile,0.75,229,COVID-19
DE,15-34,2022-02-11,2022-01-20,-22 day ahead inc hosp,quantile,0.75,988,COVID-19
DE,35-59,2022-02-11,2022-01-20,-22 day ahead inc hosp,quantile,0.75,1438,COVID-19
DE,60-79,2022-02-11,2022-01-20,-22 day ahead inc hosp,quantile,0.75,1382,COVID-19
DE,80+,2022-02-11,2022-01-20,-22 day ahead inc hosp,quantile,0.75,1217,COVID-19
DE,00+,2022-02-11,2022-01-21,-21 day ahead inc hosp,quantile,0.75,5741,COVID-19
DE,00-04,2022-02-11,2022-01-21,-21 day ahead inc hosp,quantile,0.75,273,COVID-19
DE,05-14,2022-02-11,2022-01-21,-21 day ahead inc hosp,quantile,0.75,259,COVID-19
DE,15-34,2022-02-11,2022-01-21,-21 day ahead inc hosp,quantile,0.75,1053,COVID-19
DE,35-59,2022-02-11,2022-01-21,-21 day ahead inc hosp,quantile,0.75,1486,COVID-19
DE,60-79,2022-02-11,2022-01-21,-21 day ahead inc hosp,quantile,0.75,1423,COVID-19
DE,80+,2022-02-11,2022-01-21,-21 day ahead inc hosp,quantile,0.75,1260,COVID-19
DE,00+,2022-02-11,2022-01-22,-20 day ahead inc hosp,quantile,0.75,6032,COVID-19
DE,00-04,2022-02-11,2022-01-22,-20 day ahead inc hosp,quantile,0.75,301,COVID-19
DE,05-14,2022-02-11,2022-01-22,-20 day ahead inc hosp,quantile,0.75,282,COVID-19
DE,15-34,2022-02-11,2022-01-22,-20 day ahead inc hosp,quantile,0.75,1120,COVID-19
DE,35-59,2022-02-11,2022-01-22,-20 day ahead inc hosp,quantile,0.75,1547,COVID-19
DE,60-79,2022-02-11,2022-01-22,-20 day ahead inc hosp,quantile,0.75,1485,COVID-19
DE,80+,2022-02-11,2022-01-22,-20 day ahead inc hosp,quantile,0.75,1312,COVID-19
DE,00+,2022-02-11,2022-01-23,-19 day ahead inc hosp,quantile,0.75,6141,COVID-19
DE,00-04,2022-02-11,2022-01-23,-19 day ahead inc hosp,quantile,0.75,294,COVID-19
DE,05-14,2022-02-11,2022-01-23,-19 day ahead inc hosp,quantile,0.75,299,COVID-19
DE,15-34,2022-02-11,2022-01-23,-19 day ahead inc hosp,quantile,0.75,1160,COVID-19
DE,35-59,2022-02-11,2022-01-23,-19 day ahead inc hosp,quantile,0.75,1550,COVID-19
DE,60-79,2022-02-11,2022-01-23,-19 day ahead inc hosp,quantile,0.75,1505,COVID-19
DE,80+,2022-02-11,2022-01-23,-19 day ahead inc hosp,quantile,0.75,1352,COVID-19
DE,00+,2022-02-11,2022-01-24,-18 day ahead inc hosp,quantile,0.75,6354,COVID-19
DE,00-04,2022-02-11,2022-01-24,-18 day ahead inc hosp,quantile,0.75,307,COVID-19
DE,05-14,2022-02-11,2022-01-24,-18 day ahead inc hosp,quantile,0.75,303,COVID-19
DE,15-34,2022-02-11,2022-01-24,-18 day ahead inc hosp,quantile,0.75,1220,COVID-19
DE,35-59,2022-02-11,2022-01-24,-18 day ahead inc hosp,quantile,0.75,1604,COVID-19
DE,60-79,2022-02-11,2022-01-24,-18 day ahead inc hosp,quantile,0.75,1526,COVID-19
DE,80+,2022-02-11,2022-01-24,-18 day ahead inc hosp,quantile,0.75,1411,COVID-19
DE,00+,2022-02-11,2022-01-25,-17 day ahead inc hosp,quantile,0.75,6686,COVID-19
DE,00-04,2022-02-11,2022-01-25,-17 day ahead inc hosp,quantile,0.75,321,COVID-19
DE,05-14,2022-02-11,2022-01-25,-17 day ahead inc hosp,quantile,0.75,327,COVID-19
DE,15-34,2022-02-11,2022-01-25,-17 day ahead inc hosp,quantile,0.75,1263,COVID-19
DE,35-59,2022-02-11,2022-01-25,-17 day ahead inc hosp,quantile,0.75,1684,COVID-19
DE,60-79,2022-02-11,2022-01-25,-17 day ahead inc hosp,quantile,0.75,1611,COVID-19
DE,80+,2022-02-11,2022-01-25,-17 day ahead inc hosp,quantile,0.75,1495,COVID-19
DE,00+,2022-02-11,2022-01-26,-16 day ahead inc hosp,quantile,0.75,6998,COVID-19
DE,00-04,2022-02-11,2022-01-26,-16 day ahead inc hosp,quantile,0.75,353,COVID-19
DE,05-14,2022-02-11,2022-01-26,-16 day ahead inc hosp,quantile,0.75,348,COVID-19
DE,15-34,2022-02-11,2022-01-26,-16 day ahead inc hosp,quantile,0.75,1313,COVID-19
DE,35-59,2022-02-11,2022-01-26,-16 day ahead inc hosp,quantile,0.75,1721,COVID-19
DE,60-79,2022-02-11,2022-01-26,-16 day ahead inc hosp,quantile,0.75,1709,COVID-19
DE,80+,2022-02-11,2022-01-26,-16 day ahead inc hosp,quantile,0.75,1579,COVID-19
DE,00+,2022-02-11,2022-01-27,-15 day ahead inc hosp,quantile,0.75,7166,COVID-19
DE,00-04,2022-02-11,2022-01-27,-15 day ahead inc hosp,quantile,0.75,356,COVID-19
DE,05-14,2022-02-11,2022-01-27,-15 day ahead inc hosp,quantile,0.75,365,COVID-19
DE,15-34,2022-02-11,2022-01-27,-15 day ahead inc hosp,quantile,0.75,1316,COVID-19
DE,35-59,2022-02-11,2022-01-27,-15 day ahead inc hosp,quantile,0.75,1756,COVID-19
DE,60-79,2022-02-11,2022-01-27,-15 day ahead inc hosp,quantile,0.75,1737,COVID-19
DE,80+,2022-02-11,2022-01-27,-15 day ahead inc hosp,quantile,0.75,1667,COVID-19
DE,00+,2022-02-11,2022-01-28,-14 day ahead inc hosp,quantile,0.75,7366,COVID-19
DE,00-04,2022-02-11,2022-01-28,-14 day ahead inc hosp,quantile,0.75,364,COVID-19
DE,05-14,2022-02-11,2022-01-28,-14 day ahead inc hosp,quantile,0.75,359,COVID-19
DE,15-34,2022-02-11,2022-01-28,-14 day ahead inc hosp,quantile,0.75,1320,COVID-19
DE,35-59,2022-02-11,2022-01-28,-14 day ahead inc hosp,quantile,0.75,1805,COVID-19
DE,60-79,2022-02-11,2022-01-28,-14 day ahead inc hosp,quantile,0.75,1798,COVID-19
DE,80+,2022-02-11,2022-01-28,-14 day ahead inc hosp,quantile,0.75,1740,COVID-19
DE,00+,2022-02-11,2022-01-29,-13 day ahead inc hosp,quantile,0.75,7519,COVID-19
DE,00-04,2022-02-11,2022-01-29,-13 day ahead inc hosp,quantile,0.75,368,COVID-19
DE,05-14,2022-02-11,2022-01-29,-13 day ahead inc hosp,quantile,0.75,360,COVID-19
DE,15-34,2022-02-11,2022-01-29,-13 day ahead inc hosp,quantile,0.75,1318,COVID-19
DE,35-59,2022-02-11,2022-01-29,-13 day ahead inc hosp,quantile,0.75,1828,COVID-19
DE,60-79,2022-02-11,2022-01-29,-13 day ahead inc hosp,quantile,0.75,1818,COVID-19
DE,80+,2022-02-11,2022-01-29,-13 day ahead inc hosp,quantile,0.75,1830,COVID-19
DE,00+,2022-02-11,2022-01-30,-12 day ahead inc hosp,quantile,0.75,7729,COVID-19
DE,00-04,2022-02-11,2022-01-30,-12 day ahead inc hosp,quantile,0.75,388,COVID-19
DE,05-14,2022-02-11,2022-01-30,-12 day ahead inc hosp,quantile,0.75,371,COVID-19
DE,15-34,2022-02-11,2022-01-30,-12 day ahead inc hosp,quantile,0.75,1363,COVID-19
DE,35-59,2022-02-11,2022-01-30,-12 day ahead inc hosp,quantile,0.75,1875,COVID-19
DE,60-79,2022-02-11,2022-01-30,-12 day ahead inc hosp,quantile,0.75,1856,COVID-19
DE,80+,2022-02-11,2022-01-30,-12 day ahead inc hosp,quantile,0.75,1874,COVID-19
DE,00+,2022-02-11,2022-01-31,-11 day ahead inc hosp,quantile,0.75,7743,COVID-19
DE,00-04,2022-02-11,2022-01-31,-11 day ahead inc hosp,quantile,0.75,377,COVID-19
DE,05-14,2022-02-11,2022-01-31,-11 day ahead inc hosp,quantile,0.75,389,COVID-19
DE,15-34,2022-02-11,2022-01-31,-11 day ahead inc hosp,quantile,0.75,1340,COVID-19
DE,35-59,2022-02-11,2022-01-31,-11 day ahead inc hosp,quantile,0.75,1867,COVID-19
DE,60-79,2022-02-11,2022-01-31,-11 day ahead inc hosp,quantile,0.75,1883,COVID-19
DE,80+,2022-02-11,2022-01-31,-11 day ahead inc hosp,quantile,0.75,1880,COVID-19
DE,00+,2022-02-11,2022-02-01,-10 day ahead inc hosp,quantile,0.75,7792,COVID-19
DE,00-04,2022-02-11,2022-02-01,-10 day ahead inc hosp,quantile,0.75,397,COVID-19
DE,05-14,2022-02-11,2022-02-01,-10 day ahead inc hosp,quantile,0.75,396,COVID-19
DE,15-34,2022-02-11,2022-02-01,-10 day ahead inc hosp,quantile,0.75,1344,COVID-19
DE,35-59,2022-02-11,2022-02-01,-10 day ahead inc hosp,quantile,0.75,1867,COVID-19
DE,60-79,2022-02-11,2022-02-01,-10 day ahead inc hosp,quantile,0.75,1907,COVID-19
DE,80+,2022-02-11,2022-02-01,-10 day ahead inc hosp,quantile,0.75,1887.25,COVID-19
DE,00+,2022-02-11,2022-02-02,-9 day ahead inc hosp,quantile,0.75,7977,COVID-19
DE,00-04,2022-02-11,2022-02-02,-9 day ahead inc hosp,quantile,0.75,388,COVID-19
DE,05-14,2022-02-11,2022-02-02,-9 day ahead inc hosp,quantile,0.75,407,COVID-19
DE,15-34,2022-02-11,2022-02-02,-9 day ahead inc hosp,quantile,0.75,1340,COVID-19
DE,35-59,2022-02-11,2022-02-02,-9 day ahead inc hosp,quantile,0.75,1885,COVID-19
DE,60-79,2022-02-11,2022-02-02,-9 day ahead inc hosp,quantile,0.75,1985,COVID-19
DE,80+,2022-02-11,2022-02-02,-9 day ahead inc hosp,quantile,0.75,2000,COVID-19
DE,00+,2022-02-11,2022-02-03,-8 day ahead inc hosp,quantile,0.75,8269,COVID-19
DE,00-04,2022-02-11,2022-02-03,-8 day ahead inc hosp,quantile,0.75,386,COVID-19
DE,05-14,2022-02-11,2022-02-03,-8 day ahead inc hosp,quantile,0.75,418,COVID-19
DE,15-34,2022-02-11,2022-02-03,-8 day ahead inc hosp,quantile,0.75,1378,COVID-19
DE,35-59,2022-02-11,2022-02-03,-8 day ahead inc hosp,quantile,0.75,1925,COVID-19
DE,60-79,2022-02-11,2022-02-03,-8 day ahead inc hosp,quantile,0.75,2109.25,COVID-19
DE,80+,2022-02-11,2022-02-03,-8 day ahead inc hosp,quantile,0.75,2084,COVID-19
DE,00+,2022-02-11,2022-02-04,-7 day ahead inc hosp,quantile,0.75,8715,COVID-19
DE,00-04,2022-02-11,2022-02-04,-7 day ahead inc hosp,quantile,0.75,405.25,COVID-19
DE,05-14,2022-02-11,2022-02-04,-7 day ahead inc hosp,quantile,0.75,426,COVID-19
DE,15-34,2022-02-11,2022-02-04,-7 day ahead inc hosp,quantile,0.75,1425,COVID-19
DE,35-59,2022-02-11,2022-02-04,-7 day ahead inc hosp,quantile,0.75,1938,COVID-19
DE,60-79,2022-02-11,2022-02-04,-7 day ahead inc hosp,quantile,0.75,2266,COVID-19
DE,80+,2022-02-11,2022-02-04,-7 day ahead inc hosp,quantile,0.75,2291,COVID-19
DE,00+,2022-02-11,2022-02-05,-6 day ahead inc hosp,quantile,0.75,9033,COVID-19
DE,00-04,2022-02-11,2022-02-05,-6 day ahead inc hosp,quantile,0.75,420,COVID-19
DE,05-14,2022-02-11,2022-02-05,-6 day ahead inc hosp,quantile,0.75,440,COVID-19
DE,15-34,2022-02-11,2022-02-05,-6 day ahead inc hosp,quantile,0.75,1473,COVID-19
DE,35-59,2022-02-11,2022-02-05,-6 day ahead inc hosp,quantile,0.75,1968,COVID-19
DE,60-79,2022-02-11,2022-02-05,-6 day ahead inc hosp,quantile,0.75,2390,COVID-19
DE,80+,2022-02-11,2022-02-05,-6 day ahead inc hosp,quantile,0.75,2375,COVID-19
DE,00+,2022-02-11,2022-02-06,-5 day ahead inc hosp,quantile,0.75,9168,COVID-19
DE,00-04,2022-02-11,2022-02-06,-5 day ahead inc hosp,quantile,0.75,413,COVID-19
DE,05-14,2022-02-11,2022-02-06,-5 day ahead inc hosp,quantile,0.75,446,COVID-19
DE,15-34,2022-02-11,2022-02-06,-5 day ahead inc hosp,quantile,0.75,1434,COVID-19
DE,35-59,2022-02-11,2022-02-06,-5 day ahead inc hosp,quantile,0.75,1987,COVID-19
DE,60-79,2022-02-11,2022-02-06,-5 day ahead inc hosp,quantile,0.75,2438.25,COVID-19
DE,80+,2022-02-11,2022-02-06,-5 day ahead inc hosp,quantile,0.75,2445,COVID-19
DE,00+,2022-02-11,2022-02-07,-4 day ahead inc hosp,quantile,0.75,9282.25,COVID-19
DE,00-04,2022-02-11,2022-02-07,-4 day ahead inc hosp,quantile,0.75,427,COVID-19
DE,05-14,2022-02-11,2022-02-07,-4 day ahead inc hosp,quantile,0.75,440.25,COVID-19
DE,15-34,2022-02-11,2022-02-07,-4 day ahead inc hosp,quantile,0.75,1437,COVID-19
DE,35-59,2022-02-11,2022-02-07,-4 day ahead inc hosp,quantile,0.75,2019,COVID-19
DE,60-79,2022-02-11,2022-02-07,-4 day ahead inc hosp,quantile,0.75,2469,COVID-19
DE,80+,2022-02-11,2022-02-07,-4 day ahead inc hosp,quantile,0.75,2504,COVID-19
DE,00+,2022-02-11,2022-02-08,-3 day ahead inc hosp,quantile,0.75,9348,COVID-19
DE,00-04,2022-02-11,2022-02-08,-3 day ahead inc hosp,quantile,0.75,403,COVID-19
DE,05-14,2022-02-11,2022-02-08,-3 day ahead inc hosp,quantile,0.75,429,COVID-19
DE,15-34,2022-02-11,2022-02-08,-3 day ahead inc hosp,quantile,0.75,1447,COVID-19
DE,35-59,2022-02-11,2022-02-08,-3 day ahead inc hosp,quantile,0.75,2011,COVID-19
DE,60-79,2022-02-11,2022-02-08,-3 day ahead inc hosp,quantile,0.75,2476.25,COVID-19
DE,80+,2022-02-11,2022-02-08,-3 day ahead inc hosp,quantile,0.75,2578,COVID-19
DE,00+,2022-02-11,2022-02-09,-2 day ahead inc hosp,quantile,0.75,9341,COVID-19
DE,00-04,2022-02-11,2022-02-09,-2 day ahead inc hosp,quantile,0.75,402,COVID-19
DE,05-14,2022-02-11,2022-02-09,-2 day ahead inc hosp,quantile,0.75,415,COVID-19
DE,15-34,2022-02-11,2022-02-09,-2 day ahead inc hosp,quantile,0.75,1424,COVID-19
DE,35-59,2022-02-11,2022-02-09,-2 day ahead inc hosp,quantile,0.75,1967,COVID-19
DE,60-79,2022-02-11,2022-02-09,-2 day ahead inc hosp,quantile,0.75,2503,COVID-19
DE,80+,2022-02-11,2022-02-09,-2 day ahead inc hosp,quantile,0.75,2596,COVID-19
DE,00+,2022-02-11,2022-02-10,-1 day ahead inc hosp,quantile,0.75,9414,COVID-19
DE,00-04,2022-02-11,2022-02-10,-1 day ahead inc hosp,quantile,0.75,420,COVID-19
DE,05-14,2022-02-11,2022-02-10,-1 day ahead inc hosp,quantile,0.75,397,COVID-19
DE,15-34,2022-02-11,2022-02-10,-1 day ahead inc hosp,quantile,0.75,1451,COVID-19
DE,35-59,2022-02-11,2022-02-10,-1 day ahead inc hosp,quantile,0.75,1964,COVID-19
DE,60-79,2022-02-11,2022-02-10,-1 day ahead inc hosp,quantile,0.75,2496,COVID-19
DE,80+,2022-02-11,2022-02-10,-1 day ahead inc hosp,quantile,0.75,2652,COVID-19
DE,00+,2022-02-11,2022-02-11,0 day ahead inc hosp,quantile,0.75,9435.5,COVID-19
DE,00-04,2022-02-11,2022-02-11,0 day ahead inc hosp,quantile,0.75,415,COVID-19
DE,05-14,2022-02-11,2022-02-11,0 day ahead inc hosp,quantile,0.75,424.25,COVID-19
DE,15-34,2022-02-11,2022-02-11,0 day ahead inc hosp,quantile,0.75,1481.25,COVID-19
DE,35-59,2022-02-11,2022-02-11,0 day ahead inc hosp,quantile,0.75,1997,COVID-19
DE,60-79,2022-02-11,2022-02-11,0 day ahead inc hosp,quantile,0.75,2430,COVID-19
DE,80+,2022-02-11,2022-02-11,0 day ahead inc hosp,quantile,0.75,2623,COVID-19
DE,00+,2022-02-11,2022-01-14,-28 day ahead inc hosp,quantile,0.9,4704,COVID-19
DE,00-04,2022-02-11,2022-01-14,-28 day ahead inc hosp,quantile,0.9,201,COVID-19
DE,05-14,2022-02-11,2022-01-14,-28 day ahead inc hosp,quantile,0.9,181,COVID-19
DE,15-34,2022-02-11,2022-01-14,-28 day ahead inc hosp,quantile,0.9,883,COVID-19
DE,35-59,2022-02-11,2022-01-14,-28 day ahead inc hosp,quantile,0.9,1247,COVID-19
DE,60-79,2022-02-11,2022-01-14,-28 day ahead inc hosp,quantile,0.9,1200,COVID-19
DE,80+,2022-02-11,2022-01-14,-28 day ahead inc hosp,quantile,0.9,997,COVID-19
DE,00+,2022-02-11,2022-01-15,-27 day ahead inc hosp,quantile,0.9,4759,COVID-19
DE,00-04,2022-02-11,2022-01-15,-27 day ahead inc hosp,quantile,0.9,213,COVID-19
DE,05-14,2022-02-11,2022-01-15,-27 day ahead inc hosp,quantile,0.9,194,COVID-19
DE,15-34,2022-02-11,2022-01-15,-27 day ahead inc hosp,quantile,0.9,865,COVID-19
DE,35-59,2022-02-11,2022-01-15,-27 day ahead inc hosp,quantile,0.9,1282,COVID-19
DE,60-79,2022-02-11,2022-01-15,-27 day ahead inc hosp,quantile,0.9,1204,COVID-19
DE,80+,2022-02-11,2022-01-15,-27 day ahead inc hosp,quantile,0.9,1009,COVID-19
DE,00+,2022-02-11,2022-01-16,-26 day ahead inc hosp,quantile,0.9,4789,COVID-19
DE,00-04,2022-02-11,2022-01-16,-26 day ahead inc hosp,quantile,0.9,217,COVID-19
DE,05-14,2022-02-11,2022-01-16,-26 day ahead inc hosp,quantile,0.9,191,COVID-19
DE,15-34,2022-02-11,2022-01-16,-26 day ahead inc hosp,quantile,0.9,873,COVID-19
DE,35-59,2022-02-11,2022-01-16,-26 day ahead inc hosp,quantile,0.9,1296,COVID-19
DE,60-79,2022-02-11,2022-01-16,-26 day ahead inc hosp,quantile,0.9,1198,COVID-19
DE,80+,2022-02-11,2022-01-16,-26 day ahead inc hosp,quantile,0.9,1023,COVID-19
DE,00+,2022-02-11,2022-01-17,-25 day ahead inc hosp,quantile,0.9,4825,COVID-19
DE,00-04,2022-02-11,2022-01-17,-25 day ahead inc hosp,quantile,0.9,226,COVID-19
DE,05-14,2022-02-11,2022-01-17,-25 day ahead inc hosp,quantile,0.9,193,COVID-19
DE,15-34,2022-02-11,2022-01-17,-25 day ahead inc hosp,quantile,0.9,866,COVID-19
DE,35-59,2022-02-11,2022-01-17,-25 day ahead inc hosp,quantile,0.9,1293,COVID-19
DE,60-79,2022-02-11,2022-01-17,-25 day ahead inc hosp,quantile,0.9,1217,COVID-19
DE,80+,2022-02-11,2022-01-17,-25 day ahead inc hosp,quantile,0.9,1042,COVID-19
DE,00+,2022-02-11,2022-01-18,-24 day ahead inc hosp,quantile,0.9,4977,COVID-19
DE,00-04,2022-02-11,2022-01-18,-24 day ahead inc hosp,quantile,0.9,240,COVID-19
DE,05-14,2022-02-11,2022-01-18,-24 day ahead inc hosp,quantile,0.9,210,COVID-19
DE,15-34,2022-02-11,2022-01-18,-24 day ahead inc hosp,quantile,0.9,899,COVID-19
DE,35-59,2022-02-11,2022-01-18,-24 day ahead inc hosp,quantile,0.9,1287,COVID-19
DE,60-79,2022-02-11,2022-01-18,-24 day ahead inc hosp,quantile,0.9,1250,COVID-19
DE,80+,2022-02-11,2022-01-18,-24 day ahead inc hosp,quantile,0.9,1104.1,COVID-19
DE,00+,2022-02-11,2022-01-19,-23 day ahead inc hosp,quantile,0.9,5238,COVID-19
DE,00-04,2022-02-11,2022-01-19,-23 day ahead inc hosp,quantile,0.9,248,COVID-19
DE,05-14,2022-02-11,2022-01-19,-23 day ahead inc hosp,quantile,0.9,219,COVID-19
DE,15-34,2022-02-11,2022-01-19,-23 day ahead inc hosp,quantile,0.9,961,COVID-19
DE,35-59,2022-02-11,2022-01-19,-23 day ahead inc hosp,quantile,0.9,1355,COVID-19
DE,60-79,2022-02-11,2022-01-19,-23 day ahead inc hosp,quantile,0.9,1309,COVID-19
DE,80+,2022-02-11,2022-01-19,-23 day ahead inc hosp,quantile,0.9,1159,COVID-19
DE,00+,2022-02-11,2022-01-20,-22 day ahead inc hosp,quantile,0.9,5519,COVID-19
DE,00-04,2022-02-11,2022-01-20,-22 day ahead inc hosp,quantile,0.9,264,COVID-19
DE,05-14,2022-02-11,2022-01-20,-22 day ahead inc hosp,quantile,0.9,231,COVID-19
DE,15-34,2022-02-11,2022-01-20,-22 day ahead inc hosp,quantile,0.9,991,COVID-19
DE,35-59,2022-02-11,2022-01-20,-22 day ahead inc hosp,quantile,0.9,1443,COVID-19
DE,60-79,2022-02-11,2022-01-20,-22 day ahead inc hosp,quantile,0.9,1386,COVID-19
DE,80+,2022-02-11,2022-01-20,-22 day ahead inc hosp,quantile,0.9,1221,COVID-19
DE,00+,2022-02-11,2022-01-21,-21 day ahead inc hosp,quantile,0.9,5754,COVID-19
DE,00-04,2022-02-11,2022-01-21,-21 day ahead inc hosp,quantile,0.9,275,COVID-19
DE,05-14,2022-02-11,2022-01-21,-21 day ahead inc hosp,quantile,0.9,261,COVID-19
DE,15-34,2022-02-11,2022-01-21,-21 day ahead inc hosp,quantile,0.9,1057,COVID-19
DE,35-59,2022-02-11,2022-01-21,-21 day ahead inc hosp,quantile,0.9,1491,COVID-19
DE,60-79,2022-02-11,2022-01-21,-21 day ahead inc hosp,quantile,0.9,1428,COVID-19
DE,80+,2022-02-11,2022-01-21,-21 day ahead inc hosp,quantile,0.9,1264,COVID-19
DE,00+,2022-02-11,2022-01-22,-20 day ahead inc hosp,quantile,0.9,6046.1,COVID-19
DE,00-04,2022-02-11,2022-01-22,-20 day ahead inc hosp,quantile,0.9,303,COVID-19
DE,05-14,2022-02-11,2022-01-22,-20 day ahead inc hosp,quantile,0.9,284,COVID-19
DE,15-34,2022-02-11,2022-01-22,-20 day ahead inc hosp,quantile,0.9,1125,COVID-19
DE,35-59,2022-02-11,2022-01-22,-20 day ahead inc hosp,quantile,0.9,1552,COVID-19
DE,60-79,2022-02-11,2022-01-22,-20 day ahead inc hosp,quantile,0.9,1490,COVID-19
DE,80+,2022-02-11,2022-01-22,-20 day ahead inc hosp,quantile,0.9,1318,COVID-19
DE,00+,2022-02-11,2022-01-23,-19 day ahead inc hosp,quantile,0.9,6157,COVID-19
DE,00-04,2022-02-11,2022-01-23,-19 day ahead inc hosp,quantile,0.9,296,COVID-19
DE,05-14,2022-02-11,2022-01-23,-19 day ahead inc hosp,quantile,0.9,301,COVID-19
DE,15-34,2022-02-11,2022-01-23,-19 day ahead inc hosp,quantile,0.9,1166,COVID-19
DE,35-59,2022-02-11,2022-01-23,-19 day ahead inc hosp,quantile,0.9,1556,COVID-19
DE,60-79,2022-02-11,2022-01-23,-19 day ahead inc hosp,quantile,0.9,1511,COVID-19
DE,80+,2022-02-11,2022-01-23,-19 day ahead inc hosp,quantile,0.9,1358,COVID-19
DE,00+,2022-02-11,2022-01-24,-18 day ahead inc hosp,quantile,0.9,6372,COVID-19
DE,00-04,2022-02-11,2022-01-24,-18 day ahead inc hosp,quantile,0.9,310,COVID-19
DE,05-14,2022-02-11,2022-01-24,-18 day ahead inc hosp,quantile,0.9,306,COVID-19
DE,15-34,2022-02-11,2022-01-24,-18 day ahead inc hosp,quantile,0.9,1226,COVID-19
DE,35-59,2022-02-11,2022-01-24,-18 day ahead inc hosp,quantile,0.9,1611,COVID-19
DE,60-79,2022-02-11,2022-01-24,-18 day ahead inc hosp,quantile,0.9,1533,COVID-19
DE,80+,2022-02-11,2022-01-24,-18 day ahead inc hosp,quantile,0.9,1417,COVID-19
DE,00+,2022-02-11,2022-01-25,-17 day ahead inc hosp,quantile,0.9,6707,COVID-19
DE,00-04,2022-02-11,2022-01-25,-17 day ahead inc hosp,quantile,0.9,324,COVID-19
DE,05-14,2022-02-11,2022-01-25,-17 day ahead inc hosp,quantile,0.9,330,COVID-19
DE,15-34,2022-02-11,2022-01-25,-17 day ahead inc hosp,quantile,0.9,1269,COVID-19
DE,35-59,2022-02-11,2022-01-25,-17 day ahead inc hosp,quantile,0.9,1692,COVID-19
DE,60-79,2022-02-11,2022-01-25,-17 day ahead inc hosp,quantile,0.9,1618,COVID-19
DE,80+,2022-02-11,2022-01-25,-17 day ahead inc hosp,quantile,0.9,1502,COVID-19
DE,00+,2022-02-11,2022-01-26,-16 day ahead inc hosp,quantile,0.9,7021,COVID-19
DE,00-04,2022-02-11,2022-01-26,-16 day ahead inc hosp,quantile,0.9,357,COVID-19
DE,05-14,2022-02-11,2022-01-26,-16 day ahead inc hosp,quantile,0.9,351,COVID-19
DE,15-34,2022-02-11,2022-01-26,-16 day ahead inc hosp,quantile,0.9,1320,COVID-19
DE,35-59,2022-02-11,2022-01-26,-16 day ahead inc hosp,quantile,0.9,1731,COVID-19
DE,60-79,2022-02-11,2022-01-26,-16 day ahead inc hosp,quantile,0.9,1717,COVID-19
DE,80+,2022-02-11,2022-01-26,-16 day ahead inc hosp,quantile,0.9,1589,COVID-19
DE,00+,2022-02-11,2022-01-27,-15 day ahead inc hosp,quantile,0.9,7193,COVID-19
DE,00-04,2022-02-11,2022-01-27,-15 day ahead inc hosp,quantile,0.9,360,COVID-19
DE,05-14,2022-02-11,2022-01-27,-15 day ahead inc hosp,quantile,0.9,369,COVID-19
DE,15-34,2022-02-11,2022-01-27,-15 day ahead inc hosp,quantile,0.9,1324,COVID-19
DE,35-59,2022-02-11,2022-01-27,-15 day ahead inc hosp,quantile,0.9,1766,COVID-19
DE,60-79,2022-02-11,2022-01-27,-15 day ahead inc hosp,quantile,0.9,1747,COVID-19
DE,80+,2022-02-11,2022-01-27,-15 day ahead inc hosp,quantile,0.9,1677,COVID-19
DE,00+,2022-02-11,2022-01-28,-14 day ahead inc hosp,quantile,0.9,7400,COVID-19
DE,00-04,2022-02-11,2022-01-28,-14 day ahead inc hosp,quantile,0.9,368,COVID-19
DE,05-14,2022-02-11,2022-01-28,-14 day ahead inc hosp,quantile,0.9,363,COVID-19
DE,15-34,2022-02-11,2022-01-28,-14 day ahead inc hosp,quantile,0.9,1329,COVID-19
DE,35-59,2022-02-11,2022-01-28,-14 day ahead inc hosp,quantile,0.9,1816,COVID-19
DE,60-79,2022-02-11,2022-01-28,-14 day ahead inc hosp,quantile,0.9,1810,COVID-19
DE,80+,2022-02-11,2022-01-28,-14 day ahead inc hosp,quantile,0.9,1751.1,COVID-19
DE,00+,2022-02-11,2022-01-29,-13 day ahead inc hosp,quantile,0.9,7559,COVID-19
DE,00-04,2022-02-11,2022-01-29,-13 day ahead inc hosp,quantile,0.9,373,COVID-19
DE,05-14,2022-02-11,2022-01-29,-13 day ahead inc hosp,quantile,0.9,364,COVID-19
DE,15-34,2022-02-11,2022-01-29,-13 day ahead inc hosp,quantile,0.9,1328,COVID-19
DE,35-59,2022-02-11,2022-01-29,-13 day ahead inc hosp,quantile,0.9,1840,COVID-19
DE,60-79,2022-02-11,2022-01-29,-13 day ahead inc hosp,quantile,0.9,1831,COVID-19
DE,80+,2022-02-11,2022-01-29,-13 day ahead inc hosp,quantile,0.9,1843,COVID-19
DE,00+,2022-02-11,2022-01-30,-12 day ahead inc hosp,quantile,0.9,7772.1,COVID-19
DE,00-04,2022-02-11,2022-01-30,-12 day ahead inc hosp,quantile,0.9,393,COVID-19
DE,05-14,2022-02-11,2022-01-30,-12 day ahead inc hosp,quantile,0.9,375,COVID-19
DE,15-34,2022-02-11,2022-01-30,-12 day ahead inc hosp,quantile,0.9,1374,COVID-19
DE,35-59,2022-02-11,2022-01-30,-12 day ahead inc hosp,quantile,0.9,1887,COVID-19
DE,60-79,2022-02-11,2022-01-30,-12 day ahead inc hosp,quantile,0.9,1872,COVID-19
DE,80+,2022-02-11,2022-01-30,-12 day ahead inc hosp,quantile,0.9,1888,COVID-19
DE,00+,2022-02-11,2022-01-31,-11 day ahead inc hosp,quantile,0.9,7787,COVID-19
DE,00-04,2022-02-11,2022-01-31,-11 day ahead inc hosp,quantile,0.9,382,COVID-19
DE,05-14,2022-02-11,2022-01-31,-11 day ahead inc hosp,quantile,0.9,394,COVID-19
DE,15-34,2022-02-11,2022-01-31,-11 day ahead inc hosp,quantile,0.9,1352,COVID-19
DE,35-59,2022-02-11,2022-01-31,-11 day ahead inc hosp,quantile,0.9,1881,COVID-19
DE,60-79,2022-02-11,2022-01-31,-11 day ahead inc hosp,quantile,0.9,1899,COVID-19
DE,80+,2022-02-11,2022-01-31,-11 day ahead inc hosp,quantile,0.9,1894,COVID-19
DE,00+,2022-02-11,2022-02-01,-10 day ahead inc hosp,quantile,0.9,7838.1,COVID-19
DE,00-04,2022-02-11,2022-02-01,-10 day ahead inc hosp,quantile,0.9,402,COVID-19
DE,05-14,2022-02-11,2022-02-01,-10 day ahead inc hosp,quantile,0.9,401,COVID-19
DE,15-34,2022-02-11,2022-02-01,-10 day ahead inc hosp,quantile,0.9,1356,COVID-19
DE,35-59,2022-02-11,2022-02-01,-10 day ahead inc hosp,quantile,0.9,1883,COVID-19
DE,60-79,2022-02-11,2022-02-01,-10 day ahead inc hosp,quantile,0.9,1923,COVID-19
DE,80+,2022-02-11,2022-02-01,-10 day ahead inc hosp,quantile,0.9,1901,COVID-19
DE,00+,2022-02-11,2022-02-02,-9 day ahead inc hosp,quantile,0.9,8031,COVID-19
DE,00-04,2022-02-11,2022-02-02,-9 day ahead inc hosp,quantile,0.9,394,COVID-19
DE,05-14,2022-02-11,2022-02-02,-9 day ahead inc hosp,quantile,0.9,413,COVID-19
DE,15-34,2022-02-11,2022-02-02,-9 day ahead inc hosp,quantile,0.9,1353,COVID-19
DE,35-59,2022-02-11,2022-02-02,-9 day ahead inc hosp,quantile,0.9,1901,COVID-19
DE,60-79,2022-02-11,2022-02-02,-9 day ahead inc hosp,quantile,0.9,2003,COVID-19
DE,80+,2022-02-11,2022-02-02,-9 day ahead inc hosp,quantile,0.9,2018.1,COVID-19
DE,00+,2022-02-11,2022-02-03,-8 day ahead inc hosp,quantile,0.9,8341,COVID-19
DE,00-04,2022-02-11,2022-02-03,-8 day ahead inc hosp,quantile,0.9,392,COVID-19
DE,05-14,2022-02-11,2022-02-03,-8 day ahead inc hosp,quantile,0.9,424,COVID-19
DE,15-34,2022-02-11,2022-02-03,-8 day ahead inc hosp,quantile,0.9,1393,COVID-19
DE,35-59,2022-02-11,2022-02-03,-8 day ahead inc hosp,quantile,0.9,1945,COVID-19
DE,60-79,2022-02-11,2022-02-03,-8 day ahead inc hosp,quantile,0.9,2134,COVID-19
DE,80+,2022-02-11,2022-02-03,-8 day ahead inc hosp,quantile,0.9,2104.1,COVID-19
DE,00+,2022-02-11,2022-02-04,-7 day ahead inc hosp,quantile,0.9,8799,COVID-19
DE,00-04,2022-02-11,2022-02-04,-7 day ahead inc hosp,quantile,0.9,412,COVID-19
DE,05-14,2022-02-11,2022-02-04,-7 day ahead inc hosp,quantile,0.9,434,COVID-19
DE,15-34,2022-02-11,2022-02-04,-7 day ahead inc hosp,quantile,0.9,1444,COVID-19
DE,35-59,2022-02-11,2022-02-04,-7 day ahead inc hosp,quantile,0.9,1960,COVID-19
DE,60-79,2022-02-11,2022-02-04,-7 day ahead inc hosp,quantile,0.9,2294,COVID-19
DE,80+,2022-02-11,2022-02-04,-7 day ahead inc hosp,quantile,0.9,2322,COVID-19
DE,00+,2022-02-11,2022-02-05,-6 day ahead inc hosp,quantile,0.9,9138,COVID-19
DE,00-04,2022-02-11,2022-02-05,-6 day ahead inc hosp,quantile,0.9,428,COVID-19
DE,05-14,2022-02-11,2022-02-05,-6 day ahead inc hosp,quantile,0.9,448,COVID-19
DE,15-34,2022-02-11,2022-02-05,-6 day ahead inc hosp,quantile,0.9,1496,COVID-19
DE,35-59,2022-02-11,2022-02-05,-6 day ahead inc hosp,quantile,0.9,1993,COVID-19
DE,60-79,2022-02-11,2022-02-05,-6 day ahead inc hosp,quantile,0.9,2426.1,COVID-19
DE,80+,2022-02-11,2022-02-05,-6 day ahead inc hosp,quantile,0.9,2414,COVID-19
DE,00+,2022-02-11,2022-02-06,-5 day ahead inc hosp,quantile,0.9,9291.1,COVID-19
DE,00-04,2022-02-11,2022-02-06,-5 day ahead inc hosp,quantile,0.9,422,COVID-19
DE,05-14,2022-02-11,2022-02-06,-5 day ahead inc hosp,quantile,0.9,456,COVID-19
DE,15-34,2022-02-11,2022-02-06,-5 day ahead inc hosp,quantile,0.9,1457,COVID-19
DE,35-59,2022-02-11,2022-02-06,-5 day ahead inc hosp,quantile,0.9,2015,COVID-19
DE,60-79,2022-02-11,2022-02-06,-5 day ahead inc hosp,quantile,0.9,2476,COVID-19
DE,80+,2022-02-11,2022-02-06,-5 day ahead inc hosp,quantile,0.9,2486,COVID-19
DE,00+,2022-02-11,2022-02-07,-4 day ahead inc hosp,quantile,0.9,9412,COVID-19
DE,00-04,2022-02-11,2022-02-07,-4 day ahead inc hosp,quantile,0.9,436,COVID-19
DE,05-14,2022-02-11,2022-02-07,-4 day ahead inc hosp,quantile,0.9,450,COVID-19
DE,15-34,2022-02-11,2022-02-07,-4 day ahead inc hosp,quantile,0.9,1462,COVID-19
DE,35-59,2022-02-11,2022-02-07,-4 day ahead inc hosp,quantile,0.9,2051,COVID-19
DE,60-79,2022-02-11,2022-02-07,-4 day ahead inc hosp,quantile,0.9,2510,COVID-19
DE,80+,2022-02-11,2022-02-07,-4 day ahead inc hosp,quantile,0.9,2546,COVID-19
DE,00+,2022-02-11,2022-02-08,-3 day ahead inc hosp,quantile,0.9,9486.1,COVID-19
DE,00-04,2022-02-11,2022-02-08,-3 day ahead inc hosp,quantile,0.9,413,COVID-19
DE,05-14,2022-02-11,2022-02-08,-3 day ahead inc hosp,quantile,0.9,439,COVID-19
DE,15-34,2022-02-11,2022-02-08,-3 day ahead inc hosp,quantile,0.9,1473,COVID-19
DE,35-59,2022-02-11,2022-02-08,-3 day ahead inc hosp,quantile,0.9,2045.1,COVID-19
DE,60-79,2022-02-11,2022-02-08,-3 day ahead inc hosp,quantile,0.9,2519,COVID-19
DE,80+,2022-02-11,2022-02-08,-3 day ahead inc hosp,quantile,0.9,2623,COVID-19
DE,00+,2022-02-11,2022-02-09,-2 day ahead inc hosp,quantile,0.9,9551.1,COVID-19
DE,00-04,2022-02-11,2022-02-09,-2 day ahead inc hosp,quantile,0.9,415,COVID-19
DE,05-14,2022-02-11,2022-02-09,-2 day ahead inc hosp,quantile,0.9,427,COVID-19
DE,15-34,2022-02-11,2022-02-09,-2 day ahead inc hosp,quantile,0.9,1461,COVID-19
DE,35-59,2022-02-11,2022-02-09,-2 day ahead inc hosp,quantile,0.9,2016,COVID-19
DE,60-79,2022-02-11,2022-02-09,-2 day ahead inc hosp,quantile,0.9,2561,COVID-19
DE,80+,2022-02-11,2022-02-09,-2 day ahead inc hosp,quantile,0.9,2659.1,COVID-19
DE,00+,2022-02-11,2022-02-10,-1 day ahead inc hosp,quantile,0.9,9793.2,COVID-19
DE,00-04,2022-02-11,2022-02-10,-1 day ahead inc hosp,quantile,0.9,438,COVID-19
DE,05-14,2022-02-11,2022-02-10,-1 day ahead inc hosp,quantile,0.9,414,COVID-19
DE,15-34,2022-02-11,2022-02-10,-1 day ahead inc hosp,quantile,0.9,1511.1,COVID-19
DE,35-59,2022-02-11,2022-02-10,-1 day ahead inc hosp,quantile,0.9,2043.1,COVID-19
DE,60-79,2022-02-11,2022-02-10,-1 day ahead inc hosp,quantile,0.9,2594,COVID-19
DE,80+,2022-02-11,2022-02-10,-1 day ahead inc hosp,quantile,0.9,2763.2,COVID-19
DE,00+,2022-02-11,2022-02-11,0 day ahead inc hosp,quantile,0.9,10005.5,COVID-19
DE,00-04,2022-02-11,2022-02-11,0 day ahead inc hosp,quantile,0.9,442,COVID-19
DE,05-14,2022-02-11,2022-02-11,0 day ahead inc hosp,quantile,0.9,451,COVID-19
DE,15-34,2022-02-11,2022-02-11,0 day ahead inc hosp,quantile,0.9,1573.1,COVID-19
DE,35-59,2022-02-11,2022-02-11,0 day ahead inc hosp,quantile,0.9,2126,COVID-19
DE,60-79,2022-02-11,2022-02-11,0 day ahead inc hosp,quantile,0.9,2590.1,COVID-19
DE,80+,2022-02-11,2022-02-11,0 day ahead inc hosp,quantile,0.9,2784.4,COVID-19
DE,00+,2022-02-11,2022-01-14,-28 day ahead inc hosp,quantile,0.975,4711,COVID-19
DE,00-04,2022-02-11,2022-01-14,-28 day ahead inc hosp,quantile,0.975,203,COVID-19
DE,05-14,2022-02-11,2022-01-14,-28 day ahead inc hosp,quantile,0.975,182,COVID-19
DE,15-34,2022-02-11,2022-01-14,-28 day ahead inc hosp,quantile,0.975,886,COVID-19
DE,35-59,2022-02-11,2022-01-14,-28 day ahead inc hosp,quantile,0.975,1250,COVID-19
DE,60-79,2022-02-11,2022-01-14,-28 day ahead inc hosp,quantile,0.975,1203,COVID-19
DE,80+,2022-02-11,2022-01-14,-28 day ahead inc hosp,quantile,0.975,1000,COVID-19
DE,00+,2022-02-11,2022-01-15,-27 day ahead inc hosp,quantile,0.975,4766,COVID-19
DE,00-04,2022-02-11,2022-01-15,-27 day ahead inc hosp,quantile,0.975,214,COVID-19
DE,05-14,2022-02-11,2022-01-15,-27 day ahead inc hosp,quantile,0.975,195,COVID-19
DE,15-34,2022-02-11,2022-01-15,-27 day ahead inc hosp,quantile,0.975,868,COVID-19
DE,35-59,2022-02-11,2022-01-15,-27 day ahead inc hosp,quantile,0.975,1285,COVID-19
DE,60-79,2022-02-11,2022-01-15,-27 day ahead inc hosp,quantile,0.975,1207,COVID-19
DE,80+,2022-02-11,2022-01-15,-27 day ahead inc hosp,quantile,0.975,1012,COVID-19
DE,00+,2022-02-11,2022-01-16,-26 day ahead inc hosp,quantile,0.975,4796,COVID-19
DE,00-04,2022-02-11,2022-01-16,-26 day ahead inc hosp,quantile,0.975,218,COVID-19
DE,05-14,2022-02-11,2022-01-16,-26 day ahead inc hosp,quantile,0.975,193,COVID-19
DE,15-34,2022-02-11,2022-01-16,-26 day ahead inc hosp,quantile,0.975,876,COVID-19
DE,35-59,2022-02-11,2022-01-16,-26 day ahead inc hosp,quantile,0.975,1299,COVID-19
DE,60-79,2022-02-11,2022-01-16,-26 day ahead inc hosp,quantile,0.975,1201,COVID-19
DE,80+,2022-02-11,2022-01-16,-26 day ahead inc hosp,quantile,0.975,1025,COVID-19
DE,00+,2022-02-11,2022-01-17,-25 day ahead inc hosp,quantile,0.975,4831,COVID-19
DE,00-04,2022-02-11,2022-01-17,-25 day ahead inc hosp,quantile,0.975,228,COVID-19
DE,05-14,2022-02-11,2022-01-17,-25 day ahead inc hosp,quantile,0.975,194,COVID-19
DE,15-34,2022-02-11,2022-01-17,-25 day ahead inc hosp,quantile,0.975,868.025,COVID-19
DE,35-59,2022-02-11,2022-01-17,-25 day ahead inc hosp,quantile,0.975,1297,COVID-19
DE,60-79,2022-02-11,2022-01-17,-25 day ahead inc hosp,quantile,0.975,1220,COVID-19
DE,80+,2022-02-11,2022-01-17,-25 day ahead inc hosp,quantile,0.975,1045,COVID-19
DE,00+,2022-02-11,2022-01-18,-24 day ahead inc hosp,quantile,0.975,4986,COVID-19
DE,00-04,2022-02-11,2022-01-18,-24 day ahead inc hosp,quantile,0.975,242,COVID-19
DE,05-14,2022-02-11,2022-01-18,-24 day ahead inc hosp,quantile,0.975,211,COVID-19
DE,15-34,2022-02-11,2022-01-18,-24 day ahead inc hosp,quantile,0.975,902,COVID-19
DE,35-59,2022-02-11,2022-01-18,-24 day ahead inc hosp,quantile,0.975,1292,COVID-19
DE,60-79,2022-02-11,2022-01-18,-24 day ahead inc hosp,quantile,0.975,1254,COVID-19
DE,80+,2022-02-11,2022-01-18,-24 day ahead inc hosp,quantile,0.975,1108,COVID-19
DE,00+,2022-02-11,2022-01-19,-23 day ahead inc hosp,quantile,0.975,5250,COVID-19
DE,00-04,2022-02-11,2022-01-19,-23 day ahead inc hosp,quantile,0.975,250,COVID-19
DE,05-14,2022-02-11,2022-01-19,-23 day ahead inc hosp,quantile,0.975,221,COVID-19
DE,15-34,2022-02-11,2022-01-19,-23 day ahead inc hosp,quantile,0.975,965,COVID-19
DE,35-59,2022-02-11,2022-01-19,-23 day ahead inc hosp,quantile,0.975,1360,COVID-19
DE,60-79,2022-02-11,2022-01-19,-23 day ahead inc hosp,quantile,0.975,1314,COVID-19
DE,80+,2022-02-11,2022-01-19,-23 day ahead inc hosp,quantile,0.975,1163,COVID-19
DE,00+,2022-02-11,2022-01-20,-22 day ahead inc hosp,quantile,0.975,5532,COVID-19
DE,00-04,2022-02-11,2022-01-20,-22 day ahead inc hosp,quantile,0.975,266,COVID-19
DE,05-14,2022-02-11,2022-01-20,-22 day ahead inc hosp,quantile,0.975,233,COVID-19
DE,15-34,2022-02-11,2022-01-20,-22 day ahead inc hosp,quantile,0.975,996,COVID-19
DE,35-59,2022-02-11,2022-01-20,-22 day ahead inc hosp,quantile,0.975,1448,COVID-19
DE,60-79,2022-02-11,2022-01-20,-22 day ahead inc hosp,quantile,0.975,1391,COVID-19
DE,80+,2022-02-11,2022-01-20,-22 day ahead inc hosp,quantile,0.975,1226,COVID-19
DE,00+,2022-02-11,2022-01-21,-21 day ahead inc hosp,quantile,0.975,5768,COVID-19
DE,00-04,2022-02-11,2022-01-21,-21 day ahead inc hosp,quantile,0.975,277,COVID-19
DE,05-14,2022-02-11,2022-01-21,-21 day ahead inc hosp,quantile,0.975,263,COVID-19
DE,15-34,2022-02-11,2022-01-21,-21 day ahead inc hosp,quantile,0.975,1062.025,COVID-19
DE,35-59,2022-02-11,2022-01-21,-21 day ahead inc hosp,quantile,0.975,1498,COVID-19
DE,60-79,2022-02-11,2022-01-21,-21 day ahead inc hosp,quantile,0.975,1434,COVID-19
DE,80+,2022-02-11,2022-01-21,-21 day ahead inc hosp,quantile,0.975,1269,COVID-19
DE,00+,2022-02-11,2022-01-22,-20 day ahead inc hosp,quantile,0.975,6064,COVID-19
DE,00-04,2022-02-11,2022-01-22,-20 day ahead inc hosp,quantile,0.975,306,COVID-19
DE,05-14,2022-02-11,2022-01-22,-20 day ahead inc hosp,quantile,0.975,287,COVID-19
DE,15-34,2022-02-11,2022-01-22,-20 day ahead inc hosp,quantile,0.975,1131,COVID-19
DE,35-59,2022-02-11,2022-01-22,-20 day ahead inc hosp,quantile,0.975,1559,COVID-19
DE,60-79,2022-02-11,2022-01-22,-20 day ahead inc hosp,quantile,0.975,1497,COVID-19
DE,80+,2022-02-11,2022-01-22,-20 day ahead inc hosp,quantile,0.975,1324,COVID-19
DE,00+,2022-02-11,2022-01-23,-19 day ahead inc hosp,quantile,0.975,6176,COVID-19
DE,00-04,2022-02-11,2022-01-23,-19 day ahead inc hosp,quantile,0.975,299.025,COVID-19
DE,05-14,2022-02-11,2022-01-23,-19 day ahead inc hosp,quantile,0.975,305,COVID-19
DE,15-34,2022-02-11,2022-01-23,-19 day ahead inc hosp,quantile,0.975,1172,COVID-19
DE,35-59,2022-02-11,2022-01-23,-19 day ahead inc hosp,quantile,0.975,1564,COVID-19
DE,60-79,2022-02-11,2022-01-23,-19 day ahead inc hosp,quantile,0.975,1517.025,COVID-19
DE,80+,2022-02-11,2022-01-23,-19 day ahead inc hosp,quantile,0.975,1365,COVID-19
DE,00+,2022-02-11,2022-01-24,-18 day ahead inc hosp,quantile,0.975,6392.025,COVID-19
DE,00-04,2022-02-11,2022-01-24,-18 day ahead inc hosp,quantile,0.975,313,COVID-19
DE,05-14,2022-02-11,2022-01-24,-18 day ahead inc hosp,quantile,0.975,309,COVID-19
DE,15-34,2022-02-11,2022-01-24,-18 day ahead inc hosp,quantile,0.975,1233,COVID-19
DE,35-59,2022-02-11,2022-01-24,-18 day ahead inc hosp,quantile,0.975,1619,COVID-19
DE,60-79,2022-02-11,2022-01-24,-18 day ahead inc hosp,quantile,0.975,1541,COVID-19
DE,80+,2022-02-11,2022-01-24,-18 day ahead inc hosp,quantile,0.975,1425,COVID-19
DE,00+,2022-02-11,2022-01-25,-17 day ahead inc hosp,quantile,0.975,6730,COVID-19
DE,00-04,2022-02-11,2022-01-25,-17 day ahead inc hosp,quantile,0.975,327.025,COVID-19
DE,05-14,2022-02-11,2022-01-25,-17 day ahead inc hosp,quantile,0.975,333,COVID-19
DE,15-34,2022-02-11,2022-01-25,-17 day ahead inc hosp,quantile,0.975,1276.025,COVID-19
DE,35-59,2022-02-11,2022-01-25,-17 day ahead inc hosp,quantile,0.975,1701,COVID-19
DE,60-79,2022-02-11,2022-01-25,-17 day ahead inc hosp,quantile,0.975,1626,COVID-19
DE,80+,2022-02-11,2022-01-25,-17 day ahead inc hosp,quantile,0.975,1512,COVID-19
DE,00+,2022-02-11,2022-01-26,-16 day ahead inc hosp,quantile,0.975,7046,COVID-19
DE,00-04,2022-02-11,2022-01-26,-16 day ahead inc hosp,quantile,0.975,360,COVID-19
DE,05-14,2022-02-11,2022-01-26,-16 day ahead inc hosp,quantile,0.975,355,COVID-19
DE,15-34,2022-02-11,2022-01-26,-16 day ahead inc hosp,quantile,0.975,1329,COVID-19
DE,35-59,2022-02-11,2022-01-26,-16 day ahead inc hosp,quantile,0.975,1741,COVID-19
DE,60-79,2022-02-11,2022-01-26,-16 day ahead inc hosp,quantile,0.975,1728,COVID-19
DE,80+,2022-02-11,2022-01-26,-16 day ahead inc hosp,quantile,0.975,1599,COVID-19
DE,00+,2022-02-11,2022-01-27,-15 day ahead inc hosp,quantile,0.975,7226,COVID-19
DE,00-04,2022-02-11,2022-01-27,-15 day ahead inc hosp,quantile,0.975,364,COVID-19
DE,05-14,2022-02-11,2022-01-27,-15 day ahead inc hosp,quantile,0.975,374,COVID-19
DE,15-34,2022-02-11,2022-01-27,-15 day ahead inc hosp,quantile,0.975,1333,COVID-19
DE,35-59,2022-02-11,2022-01-27,-15 day ahead inc hosp,quantile,0.975,1777,COVID-19
DE,60-79,2022-02-11,2022-01-27,-15 day ahead inc hosp,quantile,0.975,1759,COVID-19
DE,80+,2022-02-11,2022-01-27,-15 day ahead inc hosp,quantile,0.975,1691,COVID-19
DE,00+,2022-02-11,2022-01-28,-14 day ahead inc hosp,quantile,0.975,7436,COVID-19
DE,00-04,2022-02-11,2022-01-28,-14 day ahead inc hosp,quantile,0.975,373,COVID-19
DE,05-14,2022-02-11,2022-01-28,-14 day ahead inc hosp,quantile,0.975,367,COVID-19
DE,15-34,2022-02-11,2022-01-28,-14 day ahead inc hosp,quantile,0.975,1339.025,COVID-19
DE,35-59,2022-02-11,2022-01-28,-14 day ahead inc hosp,quantile,0.975,1828.025,COVID-19
DE,60-79,2022-02-11,2022-01-28,-14 day ahead inc hosp,quantile,0.975,1823,COVID-19
DE,80+,2022-02-11,2022-01-28,-14 day ahead inc hosp,quantile,0.975,1767,COVID-19
DE,00+,2022-02-11,2022-01-29,-13 day ahead inc hosp,quantile,0.975,7604,COVID-19
DE,00-04,2022-02-11,2022-01-29,-13 day ahead inc hosp,quantile,0.975,378,COVID-19
DE,05-14,2022-02-11,2022-01-29,-13 day ahead inc hosp,quantile,0.975,370,COVID-19
DE,15-34,2022-02-11,2022-01-29,-13 day ahead inc hosp,quantile,0.975,1339,COVID-19
DE,35-59,2022-02-11,2022-01-29,-13 day ahead inc hosp,quantile,0.975,1854,COVID-19
DE,60-79,2022-02-11,2022-01-29,-13 day ahead inc hosp,quantile,0.975,1846,COVID-19
DE,80+,2022-02-11,2022-01-29,-13 day ahead inc hosp,quantile,0.975,1857,COVID-19
DE,00+,2022-02-11,2022-01-30,-12 day ahead inc hosp,quantile,0.975,7815,COVID-19
DE,00-04,2022-02-11,2022-01-30,-12 day ahead inc hosp,quantile,0.975,398,COVID-19
DE,05-14,2022-02-11,2022-01-30,-12 day ahead inc hosp,quantile,0.975,381,COVID-19
DE,15-34,2022-02-11,2022-01-30,-12 day ahead inc hosp,quantile,0.975,1387,COVID-19
DE,35-59,2022-02-11,2022-01-30,-12 day ahead inc hosp,quantile,0.975,1905,COVID-19
DE,60-79,2022-02-11,2022-01-30,-12 day ahead inc hosp,quantile,0.975,1886,COVID-19
DE,80+,2022-02-11,2022-01-30,-12 day ahead inc hosp,quantile,0.975,1903,COVID-19
DE,00+,2022-02-11,2022-01-31,-11 day ahead inc hosp,quantile,0.975,7839.025,COVID-19
DE,00-04,2022-02-11,2022-01-31,-11 day ahead inc hosp,quantile,0.975,387,COVID-19
DE,05-14,2022-02-11,2022-01-31,-11 day ahead inc hosp,quantile,0.975,400.025,COVID-19
DE,15-34,2022-02-11,2022-01-31,-11 day ahead inc hosp,quantile,0.975,1364,COVID-19
DE,35-59,2022-02-11,2022-01-31,-11 day ahead inc hosp,quantile,0.975,1897,COVID-19
DE,60-79,2022-02-11,2022-01-31,-11 day ahead inc hosp,quantile,0.975,1914,COVID-19
DE,80+,2022-02-11,2022-01-31,-11 day ahead inc hosp,quantile,0.975,1909.025,COVID-19
DE,00+,2022-02-11,2022-02-01,-10 day ahead inc hosp,quantile,0.975,7895,COVID-19
DE,00-04,2022-02-11,2022-02-01,-10 day ahead inc hosp,quantile,0.975,407.025,COVID-19
DE,05-14,2022-02-11,2022-02-01,-10 day ahead inc hosp,quantile,0.975,408,COVID-19
DE,15-34,2022-02-11,2022-02-01,-10 day ahead inc hosp,quantile,0.975,1370,COVID-19
DE,35-59,2022-02-11,2022-02-01,-10 day ahead inc hosp,quantile,0.975,1898,COVID-19
DE,60-79,2022-02-11,2022-02-01,-10 day ahead inc hosp,quantile,0.975,1938,COVID-19
DE,80+,2022-02-11,2022-02-01,-10 day ahead inc hosp,quantile,0.975,1918,COVID-19
DE,00+,2022-02-11,2022-02-02,-9 day ahead inc hosp,quantile,0.975,8091,COVID-19
DE,00-04,2022-02-11,2022-02-02,-9 day ahead inc hosp,quantile,0.975,401,COVID-19
DE,05-14,2022-02-11,2022-02-02,-9 day ahead inc hosp,quantile,0.975,420,COVID-19
DE,15-34,2022-02-11,2022-02-02,-9 day ahead inc hosp,quantile,0.975,1367,COVID-19
DE,35-59,2022-02-11,2022-02-02,-9 day ahead inc hosp,quantile,0.975,1923,COVID-19
DE,60-79,2022-02-11,2022-02-02,-9 day ahead inc hosp,quantile,0.975,2023,COVID-19
DE,80+,2022-02-11,2022-02-02,-9 day ahead inc hosp,quantile,0.975,2037,COVID-19
DE,00+,2022-02-11,2022-02-03,-8 day ahead inc hosp,quantile,0.975,8412.025,COVID-19
DE,00-04,2022-02-11,2022-02-03,-8 day ahead inc hosp,quantile,0.975,400,COVID-19
DE,05-14,2022-02-11,2022-02-03,-8 day ahead inc hosp,quantile,0.975,432,COVID-19
DE,15-34,2022-02-11,2022-02-03,-8 day ahead inc hosp,quantile,0.975,1411,COVID-19
DE,35-59,2022-02-11,2022-02-03,-8 day ahead inc hosp,quantile,0.975,1968,COVID-19
DE,60-79,2022-02-11,2022-02-03,-8 day ahead inc hosp,quantile,0.975,2164,COVID-19
DE,80+,2022-02-11,2022-02-03,-8 day ahead inc hosp,quantile,0.975,2130,COVID-19
DE,00+,2022-02-11,2022-02-04,-7 day ahead inc hosp,quantile,0.975,8894.225,COVID-19
DE,00-04,2022-02-11,2022-02-04,-7 day ahead inc hosp,quantile,0.975,422,COVID-19
DE,05-14,2022-02-11,2022-02-04,-7 day ahead inc hosp,quantile,0.975,442,COVID-19
DE,15-34,2022-02-11,2022-02-04,-7 day ahead inc hosp,quantile,0.975,1468,COVID-19
DE,35-59,2022-02-11,2022-02-04,-7 day ahead inc hosp,quantile,0.975,1990.025,COVID-19
DE,60-79,2022-02-11,2022-02-04,-7 day ahead inc hosp,quantile,0.975,2330,COVID-19
DE,80+,2022-02-11,2022-02-04,-7 day ahead inc hosp,quantile,0.975,2354,COVID-19
DE,00+,2022-02-11,2022-02-05,-6 day ahead inc hosp,quantile,0.975,9256,COVID-19
DE,00-04,2022-02-11,2022-02-05,-6 day ahead inc hosp,quantile,0.975,437.025,COVID-19
DE,05-14,2022-02-11,2022-02-05,-6 day ahead inc hosp,quantile,0.975,457,COVID-19
DE,15-34,2022-02-11,2022-02-05,-6 day ahead inc hosp,quantile,0.975,1523.025,COVID-19
DE,35-59,2022-02-11,2022-02-05,-6 day ahead inc hosp,quantile,0.975,2028.025,COVID-19
DE,60-79,2022-02-11,2022-02-05,-6 day ahead inc hosp,quantile,0.975,2469,COVID-19
DE,80+,2022-02-11,2022-02-05,-6 day ahead inc hosp,quantile,0.975,2460,COVID-19
DE,00+,2022-02-11,2022-02-06,-5 day ahead inc hosp,quantile,0.975,9429.025,COVID-19
DE,00-04,2022-02-11,2022-02-06,-5 day ahead inc hosp,quantile,0.975,431,COVID-19
DE,05-14,2022-02-11,2022-02-06,-5 day ahead inc hosp,quantile,0.975,466,COVID-19
DE,15-34,2022-02-11,2022-02-06,-5 day ahead inc hosp,quantile,0.975,1485,COVID-19
DE,35-59,2022-02-11,2022-02-06,-5 day ahead inc hosp,quantile,0.975,2049,COVID-19
DE,60-79,2022-02-11,2022-02-06,-5 day ahead inc hosp,quantile,0.975,2521,COVID-19
DE,80+,2022-02-11,2022-02-06,-5 day ahead inc hosp,quantile,0.975,2528.025,COVID-19
DE,00+,2022-02-11,2022-02-07,-4 day ahead inc hosp,quantile,0.975,9562.025,COVID-19
DE,00-04,2022-02-11,2022-02-07,-4 day ahead inc hosp,quantile,0.975,447,COVID-19
DE,05-14,2022-02-11,2022-02-07,-4 day ahead inc hosp,quantile,0.975,462,COVID-19
DE,15-34,2022-02-11,2022-02-07,-4 day ahead inc hosp,quantile,0.975,1490.025,COVID-19
DE,35-59,2022-02-11,2022-02-07,-4 day ahead inc hosp,quantile,0.975,2085,COVID-19
DE,60-79,2022-02-11,2022-02-07,-4 day ahead inc hosp,quantile,0.975,2553.025,COVID-19
DE,80+,2022-02-11,2022-02-07,-4 day ahead inc hosp,quantile,0.975,2596.025,COVID-19
DE,00+,2022-02-11,2022-02-08,-3 day ahead inc hosp,quantile,0.975,9653.025,COVID-19
DE,00-04,2022-02-11,2022-02-08,-3 day ahead inc hosp,quantile,0.975,426,COVID-19
DE,05-14,2022-02-11,2022-02-08,-3 day ahead inc hosp,quantile,0.975,451,COVID-19
DE,15-34,2022-02-11,2022-02-08,-3 day ahead inc hosp,quantile,0.975,1503.025,COVID-19
DE,35-59,2022-02-11,2022-02-08,-3 day ahead inc hosp,quantile,0.975,2084,COVID-19
DE,60-79,2022-02-11,2022-02-08,-3 day ahead inc hosp,quantile,0.975,2569.025,COVID-19
DE,80+,2022-02-11,2022-02-08,-3 day ahead inc hosp,quantile,0.975,2686.025,COVID-19
DE,00+,2022-02-11,2022-02-09,-2 day ahead inc hosp,quantile,0.975,9811,COVID-19
DE,00-04,2022-02-11,2022-02-09,-2 day ahead inc hosp,quantile,0.975,429,COVID-19
DE,05-14,2022-02-11,2022-02-09,-2 day ahead inc hosp,quantile,0.975,440.025,COVID-19
DE,15-34,2022-02-11,2022-02-09,-2 day ahead inc hosp,quantile,0.975,1506.075,COVID-19
DE,35-59,2022-02-11,2022-02-09,-2 day ahead inc hosp,quantile,0.975,2074.025,COVID-19
DE,60-79,2022-02-11,2022-02-09,-2 day ahead inc hosp,quantile,0.975,2641.075,COVID-19
DE,80+,2022-02-11,2022-02-09,-2 day ahead inc hosp,quantile,0.975,2738.025,COVID-19
DE,00+,2022-02-11,2022-02-10,-1 day ahead inc hosp,quantile,0.975,10237.125,COVID-19
DE,00-04,2022-02-11,2022-02-10,-1 day ahead inc hosp,quantile,0.975,465,COVID-19
DE,05-14,2022-02-11,2022-02-10,-1 day ahead inc hosp,quantile,0.975,435,COVID-19
DE,15-34,2022-02-11,2022-02-10,-1 day ahead inc hosp,quantile,0.975,1590,COVID-19
DE,35-59,2022-02-11,2022-02-10,-1 day ahead inc hosp,quantile,0.975,2136.075,COVID-19
DE,60-79,2022-02-11,2022-02-10,-1 day ahead inc hosp,quantile,0.975,2729.05,COVID-19
DE,80+,2022-02-11,2022-02-10,-1 day ahead inc hosp,quantile,0.975,2905,COVID-19
DE,00+,2022-02-11,2022-02-11,0 day ahead inc hosp,quantile,0.975,10742.025,COVID-19
DE,00-04,2022-02-11,2022-02-11,0 day ahead inc hosp,quantile,0.975,483,COVID-19
DE,05-14,2022-02-11,2022-02-11,0 day ahead inc hosp,quantile,0.975,487.025,COVID-19
DE,15-34,2022-02-11,2022-02-11,0 day ahead inc hosp,quantile,0.975,1709.2,COVID-19
DE,35-59,2022-02-11,2022-02-11,0 day ahead inc hosp,quantile,0.975,2301,COVID-19
DE,60-79,2022-02-11,2022-02-11,0 day ahead inc hosp,quantile,0.975,2777.075,COVID-19
DE,80+,2022-02-11,2022-02-11,0 day ahead inc hosp,quantile,0.975,3048.15,COVID-19
DE,00+,2022-02-11,2022-01-14,-28 day ahead inc hosp,mean,,4694.0125,COVID-19
DE,00-04,2022-02-11,2022-01-14,-28 day ahead inc hosp,mean,,199.6705,COVID-19
DE,05-14,2022-02-11,2022-01-14,-28 day ahead inc hosp,mean,,179.508,COVID-19
DE,15-34,2022-02-11,2022-01-14,-28 day ahead inc hosp,mean,,879.327,COVID-19
DE,35-59,2022-02-11,2022-01-14,-28 day ahead inc hosp,mean,,1242.9795,COVID-19
DE,60-79,2022-02-11,2022-01-14,-28 day ahead inc hosp,mean,,1196.0385,COVID-19
DE,80+,2022-02-11,2022-01-14,-28 day ahead inc hosp,mean,,993.3605,COVID-19
DE,00+,2022-02-11,2022-01-15,-27 day ahead inc hosp,mean,,4747.403,COVID-19
DE,00-04,2022-02-11,2022-01-15,-27 day ahead inc hosp,mean,,211.079,COVID-19
DE,05-14,2022-02-11,2022-01-15,-27 day ahead inc hosp,mean,,191.922,COVID-19
DE,15-34,2022-02-11,2022-01-15,-27 day ahead inc hosp,mean,,860.759,COVID-19
DE,35-59,2022-02-11,2022-01-15,-27 day ahead inc hosp,mean,,1276.983,COVID-19
DE,60-79,2022-02-11,2022-01-15,-27 day ahead inc hosp,mean,,1198.806,COVID-19
DE,80+,2022-02-11,2022-01-15,-27 day ahead inc hosp,mean,,1004.909,COVID-19
DE,00+,2022-02-11,2022-01-16,-26 day ahead inc hosp,mean,,4775.494,COVID-19
DE,00-04,2022-02-11,2022-01-16,-26 day ahead inc hosp,mean,,214.5895,COVID-19
DE,05-14,2022-02-11,2022-01-16,-26 day ahead inc hosp,mean,,189.3005,COVID-19
DE,15-34,2022-02-11,2022-01-16,-26 day ahead inc hosp,mean,,868.1505,COVID-19
DE,35-59,2022-02-11,2022-01-16,-26 day ahead inc hosp,mean,,1290.3455,COVID-19
DE,60-79,2022-02-11,2022-01-16,-26 day ahead inc hosp,mean,,1192.398,COVID-19
DE,80+,2022-02-11,2022-01-16,-26 day ahead inc hosp,mean,,1017.599,COVID-19
DE,00+,2022-02-11,2022-01-17,-25 day ahead inc hosp,mean,,4810.8675,COVID-19
DE,00-04,2022-02-11,2022-01-17,-25 day ahead inc hosp,mean,,223.9805,COVID-19
DE,05-14,2022-02-11,2022-01-17,-25 day ahead inc hosp,mean,,190.5805,COVID-19
DE,15-34,2022-02-11,2022-01-17,-25 day ahead inc hosp,mean,,860.987,COVID-19
DE,35-59,2022-02-11,2022-01-17,-25 day ahead inc hosp,mean,,1287.1375,COVID-19
DE,60-79,2022-02-11,2022-01-17,-25 day ahead inc hosp,mean,,1210.9625,COVID-19
DE,80+,2022-02-11,2022-01-17,-25 day ahead inc hosp,mean,,1036.6525,COVID-19
DE,00+,2022-02-11,2022-01-18,-24 day ahead inc hosp,mean,,4961.0665,COVID-19
DE,00-04,2022-02-11,2022-01-18,-24 day ahead inc hosp,mean,,236.988,COVID-19
DE,05-14,2022-02-11,2022-01-18,-24 day ahead inc hosp,mean,,207.273,COVID-19
DE,15-34,2022-02-11,2022-01-18,-24 day ahead inc hosp,mean,,893.45,COVID-19
DE,35-59,2022-02-11,2022-01-18,-24 day ahead inc hosp,mean,,1280.6045,COVID-19
DE,60-79,2022-02-11,2022-01-18,-24 day ahead inc hosp,mean,,1243.556,COVID-19
DE,80+,2022-02-11,2022-01-18,-24 day ahead inc hosp,mean,,1097.855,COVID-19
DE,00+,2022-02-11,2022-01-19,-23 day ahead inc hosp,mean,,5219.3,COVID-19
DE,00-04,2022-02-11,2022-01-19,-23 day ahead inc hosp,mean,,245.146,COVID-19
DE,05-14,2022-02-11,2022-01-19,-23 day ahead inc hosp,mean,,216.4135,COVID-19
DE,15-34,2022-02-11,2022-01-19,-23 day ahead inc hosp,mean,,954.9065,COVID-19
DE,35-59,2022-02-11,2022-01-19,-23 day ahead inc hosp,mean,,1346.9285,COVID-19
DE,60-79,2022-02-11,2022-01-19,-23 day ahead inc hosp,mean,,1301.72,COVID-19
DE,80+,2022-02-11,2022-01-19,-23 day ahead inc hosp,mean,,1151.6355,COVID-19
DE,00+,2022-02-11,2022-01-20,-22 day ahead inc hosp,mean,,5497.417,COVID-19
DE,00-04,2022-02-11,2022-01-20,-22 day ahead inc hosp,mean,,260.4765,COVID-19
DE,05-14,2022-02-11,2022-01-20,-22 day ahead inc hosp,mean,,227.9025,COVID-19
DE,15-34,2022-02-11,2022-01-20,-22 day ahead inc hosp,mean,,984.1775,COVID-19
DE,35-59,2022-02-11,2022-01-20,-22 day ahead inc hosp,mean,,1433.523,COVID-19
DE,60-79,2022-02-11,2022-01-20,-22 day ahead inc hosp,mean,,1377.2205,COVID-19
DE,80+,2022-02-11,2022-01-20,-22 day ahead inc hosp,mean,,1212.706,COVID-19
DE,00+,2022-02-11,2022-01-21,-21 day ahead inc hosp,mean,,5728.6595,COVID-19
DE,00-04,2022-02-11,2022-01-21,-21 day ahead inc hosp,mean,,271.062,COVID-19
DE,05-14,2022-02-11,2022-01-21,-21 day ahead inc hosp,mean,,256.9535,COVID-19
DE,15-34,2022-02-11,2022-01-21,-21 day ahead inc hosp,mean,,1049.009,COVID-19
DE,35-59,2022-02-11,2022-01-21,-21 day ahead inc hosp,mean,,1480.7245,COVID-19
DE,60-79,2022-02-11,2022-01-21,-21 day ahead inc hosp,mean,,1417.7985,COVID-19
DE,80+,2022-02-11,2022-01-21,-21 day ahead inc hosp,mean,,1254.5365,COVID-19
DE,00+,2022-02-11,2022-01-22,-20 day ahead inc hosp,mean,,6016.967,COVID-19
DE,00-04,2022-02-11,2022-01-22,-20 day ahead inc hosp,mean,,298.487,COVID-19
DE,05-14,2022-02-11,2022-01-22,-20 day ahead inc hosp,mean,,279.44,COVID-19
DE,15-34,2022-02-11,2022-01-22,-20 day ahead inc hosp,mean,,1114.9755,COVID-19
DE,35-59,2022-02-11,2022-01-22,-20 day ahead inc hosp,mean,,1540.412,COVID-19
DE,60-79,2022-02-11,2022-01-22,-20 day ahead inc hosp,mean,,1478.7905,COVID-19
DE,80+,2022-02-11,2022-01-22,-20 day ahead inc hosp,mean,,1307.2635,COVID-19
DE,00+,2022-02-11,2022-01-23,-19 day ahead inc hosp,mean,,6125.278,COVID-19
DE,00-04,2022-02-11,2022-01-23,-19 day ahead inc hosp,mean,,291.7305,COVID-19
DE,05-14,2022-02-11,2022-01-23,-19 day ahead inc hosp,mean,,296.3405,COVID-19
DE,15-34,2022-02-11,2022-01-23,-19 day ahead inc hosp,mean,,1155.159,COVID-19
DE,35-59,2022-02-11,2022-01-23,-19 day ahead inc hosp,mean,,1543.036,COVID-19
DE,60-79,2022-02-11,2022-01-23,-19 day ahead inc hosp,mean,,1498.4655,COVID-19
DE,80+,2022-02-11,2022-01-23,-19 day ahead inc hosp,mean,,1346.699,COVID-19
DE,00+,2022-02-11,2022-01-24,-18 day ahead inc hosp,mean,,6335.892,COVID-19
DE,00-04,2022-02-11,2022-01-24,-18 day ahead inc hosp,mean,,304.718,COVID-19
DE,05-14,2022-02-11,2022-01-24,-18 day ahead inc hosp,mean,,300.851,COVID-19
DE,15-34,2022-02-11,2022-01-24,-18 day ahead inc hosp,mean,,1214.1585,COVID-19
DE,35-59,2022-02-11,2022-01-24,-18 day ahead inc hosp,mean,,1597.108,COVID-19
DE,60-79,2022-02-11,2022-01-24,-18 day ahead inc hosp,mean,,1519.1,COVID-19
DE,80+,2022-02-11,2022-01-24,-18 day ahead inc hosp,mean,,1404.3475,COVID-19
DE,00+,2022-02-11,2022-01-25,-17 day ahead inc hosp,mean,,6663.7835,COVID-19
DE,00-04,2022-02-11,2022-01-25,-17 day ahead inc hosp,mean,,318.5875,COVID-19
DE,05-14,2022-02-11,2022-01-25,-17 day ahead inc hosp,mean,,324.353,COVID-19
DE,15-34,2022-02-11,2022-01-25,-17 day ahead inc hosp,mean,,1256.28,COVID-19
DE,35-59,2022-02-11,2022-01-25,-17 day ahead inc hosp,mean,,1675.9665,COVID-19
DE,60-79,2022-02-11,2022-01-25,-17 day ahead inc hosp,mean,,1602.7665,COVID-19
DE,80+,2022-02-11,2022-01-25,-17 day ahead inc hosp,mean,,1487.843,COVID-19
DE,00+,2022-02-11,2022-01-26,-16 day ahead inc hosp,mean,,6971.3255,COVID-19
DE,00-04,2022-02-11,2022-01-26,-16 day ahead inc hosp,mean,,350.021,COVID-19
DE,05-14,2022-02-11,2022-01-26,-16 day ahead inc hosp,mean,,344.491,COVID-19
DE,15-34,2022-02-11,2022-01-26,-16 day ahead inc hosp,mean,,1304.9225,COVID-19
DE,35-59,2022-02-11,2022-01-26,-16 day ahead inc hosp,mean,,1712.033,COVID-19
DE,60-79,2022-02-11,2022-01-26,-16 day ahead inc hosp,mean,,1698.8605,COVID-19
DE,80+,2022-02-11,2022-01-26,-16 day ahead inc hosp,mean,,1570.8375,COVID-19
DE,00+,2022-02-11,2022-01-27,-15 day ahead inc hosp,mean,,7136.6,COVID-19
DE,00-04,2022-02-11,2022-01-27,-15 day ahead inc hosp,mean,,352.8,COVID-19
DE,05-14,2022-02-11,2022-01-27,-15 day ahead inc hosp,mean,,361.4075,COVID-19
DE,15-34,2022-02-11,2022-01-27,-15 day ahead inc hosp,mean,,1307.442,COVID-19
DE,35-59,2022-02-11,2022-01-27,-15 day ahead inc hosp,mean,,1745.423,COVID-19
DE,60-79,2022-02-11,2022-01-27,-15 day ahead inc hosp,mean,,1725.38,COVID-19
DE,80+,2022-02-11,2022-01-27,-15 day ahead inc hosp,mean,,1656.362,COVID-19
DE,00+,2022-02-11,2022-01-28,-14 day ahead inc hosp,mean,,7331.4775,COVID-19
DE,00-04,2022-02-11,2022-01-28,-14 day ahead inc hosp,mean,,359.646,COVID-19
DE,05-14,2022-02-11,2022-01-28,-14 day ahead inc hosp,mean,,354.3875,COVID-19
DE,15-34,2022-02-11,2022-01-28,-14 day ahead inc hosp,mean,,1310.759,COVID-19
DE,35-59,2022-02-11,2022-01-28,-14 day ahead inc hosp,mean,,1792.2865,COVID-19
DE,60-79,2022-02-11,2022-01-28,-14 day ahead inc hosp,mean,,1786.136,COVID-19
DE,80+,2022-02-11,2022-01-28,-14 day ahead inc hosp,mean,,1728.0595,COVID-19
DE,00+,2022-02-11,2022-01-29,-13 day ahead inc hosp,mean,,7478.8535,COVID-19
DE,00-04,2022-02-11,2022-01-29,-13 day ahead inc hosp,mean,,363.532,COVID-19
DE,05-14,2022-02-11,2022-01-29,-13 day ahead inc hosp,mean,,355.706,COVID-19
DE,15-34,2022-02-11,2022-01-29,-13 day ahead inc hosp,mean,,1307.8665,COVID-19
DE,35-59,2022-02-11,2022-01-29,-13 day ahead inc hosp,mean,,1814.011,COVID-19
DE,60-79,2022-02-11,2022-01-29,-13 day ahead inc hosp,mean,,1804.971,COVID-19
DE,80+,2022-02-11,2022-01-29,-13 day ahead inc hosp,mean,,1816.126,COVID-19
DE,00+,2022-02-11,2022-01-30,-12 day ahead inc hosp,mean,,7685.9075,COVID-19
DE,00-04,2022-02-11,2022-01-30,-12 day ahead inc hosp,mean,,382.9035,COVID-19
DE,05-14,2022-02-11,2022-01-30,-12 day ahead inc hosp,mean,,366.143,COVID-19
DE,15-34,2022-02-11,2022-01-30,-12 day ahead inc hosp,mean,,1352.286,COVID-19
DE,35-59,2022-02-11,2022-01-30,-12 day ahead inc hosp,mean,,1859.984,COVID-19
DE,60-79,2022-02-11,2022-01-30,-12 day ahead inc hosp,mean,,1842.4085,COVID-19
DE,80+,2022-02-11,2022-01-30,-12 day ahead inc hosp,mean,,1859.6435,COVID-19
DE,00+,2022-02-11,2022-01-31,-11 day ahead inc hosp,mean,,7696.665,COVID-19
DE,00-04,2022-02-11,2022-01-31,-11 day ahead inc hosp,mean,,371.9345,COVID-19
DE,05-14,2022-02-11,2022-01-31,-11 day ahead inc hosp,mean,,383.988,COVID-19
DE,15-34,2022-02-11,2022-01-31,-11 day ahead inc hosp,mean,,1328.865,COVID-19
DE,35-59,2022-02-11,2022-01-31,-11 day ahead inc hosp,mean,,1852.573,COVID-19
DE,60-79,2022-02-11,2022-01-31,-11 day ahead inc hosp,mean,,1869.1145,COVID-19
DE,80+,2022-02-11,2022-01-31,-11 day ahead inc hosp,mean,,1864.902,COVID-19
DE,00+,2022-02-11,2022-02-01,-10 day ahead inc hosp,mean,,7741.2655,COVID-19
DE,00-04,2022-02-11,2022-02-01,-10 day ahead inc hosp,mean,,391.108,COVID-19
DE,05-14,2022-02-11,2022-02-01,-10 day ahead inc hosp,mean,,390.5835,COVID-19
DE,15-34,2022-02-11,2022-02-01,-10 day ahead inc hosp,mean,,1332.6175,COVID-19
DE,35-59,2022-02-11,2022-02-01,-10 day ahead inc hosp,mean,,1851.855,COVID-19
DE,60-79,2022-02-11,2022-02-01,-10 day ahead inc hosp,mean,,1891.1915,COVID-19
DE,80+,2022-02-11,2022-02-01,-10 day ahead inc hosp,mean,,1871.2955,COVID-19
DE,00+,2022-02-11,2022-02-02,-9 day ahead inc hosp,mean,,7919.6755,COVID-19
DE,00-04,2022-02-11,2022-02-02,-9 day ahead inc hosp,mean,,382.185,COVID-19
DE,05-14,2022-02-11,2022-02-02,-9 day ahead inc hosp,mean,,401.4155,COVID-19
DE,15-34,2022-02-11,2022-02-02,-9 day ahead inc hosp,mean,,1327.1355,COVID-19
DE,35-59,2022-02-11,2022-02-02,-9 day ahead inc hosp,mean,,1867.933,COVID-19
DE,60-79,2022-02-11,2022-02-02,-9 day ahead inc hosp,mean,,1965.594,COVID-19
DE,80+,2022-02-11,2022-02-02,-9 day ahead inc hosp,mean,,1982.099,COVID-19
DE,00+,2022-02-11,2022-02-03,-8 day ahead inc hosp,mean,,8204.351,COVID-19
DE,00-04,2022-02-11,2022-02-03,-8 day ahead inc hosp,mean,,379.561,COVID-19
DE,05-14,2022-02-11,2022-02-03,-8 day ahead inc hosp,mean,,410.9565,COVID-19
DE,15-34,2022-02-11,2022-02-03,-8 day ahead inc hosp,mean,,1362.575,COVID-19
DE,35-59,2022-02-11,2022-02-03,-8 day ahead inc hosp,mean,,1904.6485,COVID-19
DE,60-79,2022-02-11,2022-02-03,-8 day ahead inc hosp,mean,,2087.864,COVID-19
DE,80+,2022-02-11,2022-02-03,-8 day ahead inc hosp,mean,,2061.183,COVID-19
DE,00+,2022-02-11,2022-02-04,-7 day ahead inc hosp,mean,,8632.3165,COVID-19
DE,00-04,2022-02-11,2022-02-04,-7 day ahead inc hosp,mean,,398.515,COVID-19
DE,05-14,2022-02-11,2022-02-04,-7 day ahead inc hosp,mean,,418.7945,COVID-19
DE,15-34,2022-02-11,2022-02-04,-7 day ahead inc hosp,mean,,1407.931,COVID-19
DE,35-59,2022-02-11,2022-02-04,-7 day ahead inc hosp,mean,,1914.7745,COVID-19
DE,60-79,2022-02-11,2022-02-04,-7 day ahead inc hosp,mean,,2237.6875,COVID-19
DE,80+,2022-02-11,2022-02-04,-7 day ahead inc hosp,mean,,2263.113,COVID-19
DE,00+,2022-02-11,2022-02-05,-6 day ahead inc hosp,mean,,8927.6655,COVID-19
DE,00-04,2022-02-11,2022-02-05,-6 day ahead inc hosp,mean,,411.7855,COVID-19
DE,05-14,2022-02-11,2022-02-05,-6 day ahead inc hosp,mean,,431.7125,COVID-19
DE,15-34,2022-02-11,2022-02-05,-6 day ahead inc hosp,mean,,1453.463,COVID-19
DE,35-59,2022-02-11,2022-02-05,-6 day ahead inc hosp,mean,,1939.2205,COVID-19
DE,60-79,2022-02-11,2022-02-05,-6 day ahead inc hosp,mean,,2356.2145,COVID-19
DE,80+,2022-02-11,2022-02-05,-6 day ahead inc hosp,mean,,2343.488,COVID-19
DE,00+,2022-02-11,2022-02-06,-5 day ahead inc hosp,mean,,9047.8165,COVID-19
DE,00-04,2022-02-11,2022-02-06,-5 day ahead inc hosp,mean,,404.544,COVID-19
DE,05-14,2022-02-11,2022-02-06,-5 day ahead inc hosp,mean,,437.5435,COVID-19
DE,15-34,2022-02-11,2022-02-06,-5 day ahead inc hosp,mean,,1413.045,COVID-19
DE,35-59,2022-02-11,2022-02-06,-5 day ahead inc hosp,mean,,1957.3905,COVID-19
DE,60-79,2022-02-11,2022-02-06,-5 day ahead inc hosp,mean,,2402.5755,COVID-19
DE,80+,2022-02-11,2022-02-06,-5 day ahead inc hosp,mean,,2409.482,COVID-19
DE,00+,2022-02-11,2022-02-07,-4 day ahead inc hosp,mean,,9148.1905,COVID-19
DE,00-04,2022-02-11,2022-02-07,-4 day ahead inc hosp,mean,,417.8085,COVID-19
DE,05-14,2022-02-11,2022-02-07,-4 day ahead inc hosp,mean,,430.9225,COVID-19
DE,15-34,2022-02-11,2022-02-07,-4 day ahead inc hosp,mean,,1413.3165,COVID-19
DE,35-59,2022-02-11,2022-02-07,-4 day ahead inc hosp,mean,,1985.4855,COVID-19
DE,60-79,2022-02-11,2022-02-07,-4 day ahead inc hosp,mean,,2429.6265,COVID-19
DE,80+,2022-02-11,2022-02-07,-4 day ahead inc hosp,mean,,2463.8925,COVID-19
DE,00+,2022-02-11,2022-02-08,-3 day ahead inc hosp,mean,,9205.424,COVID-19
DE,00-04,2022-02-11,2022-02-08,-3 day ahead inc hosp,mean,,393.9715,COVID-19
DE,05-14,2022-02-11,2022-02-08,-3 day ahead inc hosp,mean,,419.532,COVID-19
DE,15-34,2022-02-11,2022-02-08,-3 day ahead inc hosp,mean,,1421.8075,COVID-19
DE,35-59,2022-02-11,2022-02-08,-3 day ahead inc hosp,mean,,1977.7465,COVID-19
DE,60-79,2022-02-11,2022-02-08,-3 day ahead inc hosp,mean,,2436.788,COVID-19
DE,80+,2022-02-11,2022-02-08,-3 day ahead inc hosp,mean,,2534.9495,COVID-19
DE,00+,2022-02-11,2022-02-09,-2 day ahead inc hosp,mean,,9160.9715,COVID-19
DE,00-04,2022-02-11,2022-02-09,-2 day ahead inc hosp,mean,,391.228,COVID-19
DE,05-14,2022-02-11,2022-02-09,-2 day ahead inc hosp,mean,,404.6695,COVID-19
DE,15-34,2022-02-11,2022-02-09,-2 day ahead inc hosp,mean,,1396.2235,COVID-19
DE,35-59,2022-02-11,2022-02-09,-2 day ahead inc hosp,mean,,1927.676,COVID-19
DE,60-79,2022-02-11,2022-02-09,-2 day ahead inc hosp,mean,,2451.2335,COVID-19
DE,80+,2022-02-11,2022-02-09,-2 day ahead inc hosp,mean,,2544.4135,COVID-19
DE,00+,2022-02-11,2022-02-10,-1 day ahead inc hosp,mean,,9134.83,COVID-19
DE,00-04,2022-02-11,2022-02-10,-1 day ahead inc hosp,mean,,406.3365,COVID-19
DE,05-14,2022-02-11,2022-02-10,-1 day ahead inc hosp,mean,,383.1955,COVID-19
DE,15-34,2022-02-11,2022-02-10,-1 day ahead inc hosp,mean,,1405.428,COVID-19
DE,35-59,2022-02-11,2022-02-10,-1 day ahead inc hosp,mean,,1900.1,COVID-19
DE,60-79,2022-02-11,2022-02-10,-1 day ahead inc hosp,mean,,2418.333,COVID-19
DE,80+,2022-02-11,2022-02-10,-1 day ahead inc hosp,mean,,2572.115,COVID-19
DE,00+,2022-02-11,2022-02-11,0 day ahead inc hosp,mean,,8965.194,COVID-19
DE,00-04,2022-02-11,2022-02-11,0 day ahead inc hosp,mean,,394.717,COVID-19
DE,05-14,2022-02-11,2022-02-11,0 day ahead inc hosp,mean,,401.8465,COVID-19
DE,15-34,2022-02-11,2022-02-11,0 day ahead inc hosp,mean,,1407.697,COVID-19
DE,35-59,2022-02-11,2022-02-11,0 day ahead inc hosp,mean,,1897.897,COVID-19
DE,60-79,2022-02-11,2022-02-11,0 day ahead inc hosp,mean,,2316.967,COVID-19
DE,80+,2022-02-11,2022-02-11,0 day ahead inc hosp,mean,,2497.3795,COVID-19
