model,nowcast_date,reference_date,age_group,location,confirm,holiday,group,mean,median,sd,mad,q2.5,q5,q20,q25,q50,q75,q80,q90,q95,q97.5,rhat,ess_bulk,ess_tail,q10,report_date
"Reference: Fixed, Report: Fixed",2022-01-20,2021-12-12,00+,DE,955,FALSE,1,955,955,0,0,955,955,955,955,955,955,955,955,955,955,,,,955,2022-01-20
"Reference: Fixed, Report: Day of week",2022-01-20,2021-12-12,00+,DE,955,FALSE,1,955,955,0,0,955,955,955,955,955,955,955,955,955,955,,,,955,2022-01-20
"Reference: Age, Report: Day of week",2022-01-20,2021-12-12,00+,DE,955,FALSE,1,955,955,0,0,955,955,955,955,955,955,955,955,955,955,,,,955,2022-01-20
"Reference: Age and week, Report: Day of week",2022-01-20,2021-12-12,00+,DE,955,FALSE,1,955,955,0,0,955,955,955,955,955,955,955,955,955,955,,,,955,2022-01-20
"Reference: Age and week by age, Report: Day of week",2022-01-20,2021-12-12,00+,DE,955,FALSE,1,954.5225,955,21.354449185123,0,955,955,955,955,955,955,955,955,955,955,1,2008.04825741572,,955,2022-01-20
"Independent by age, Reference: Week, Report: Day of week",2022-01-20,2021-12-12,00+,DE,955,FALSE,1,955,955,0,0,955,955,955,955,955,955,955,955,955,955,,,,955,2022-01-20
"Independent by age, Reference: Week and day of week, Report: Day of week",2022-01-20,2021-12-12,00+,DE,955,FALSE,1,955,955,0,0,955,955,955,955,955,955,955,955,955,955,,,,955,2022-01-20
"Reference: Fixed, Report: Fixed",2022-01-20,2021-12-13,00+,DE,541,FALSE,1,541.999,542,1.16304571607002,1.4826,541,541,541,541,542,543,543,544,544,545,1.0020959004193,2031.15940959455,2020.84100340009,541,2022-01-20
"Reference: Fixed, Report: Day of week",2022-01-20,2021-12-13,00+,DE,541,FALSE,1,541.1665,541,0.397311815000724,0,541,541,541,541,541,541,541,542,542,542,1.00059364053752,1936.6060555685,1935.90394313973,541,2022-01-20
"Reference: Age, Report: Day of week",2022-01-20,2021-12-13,00+,DE,541,FALSE,1,541.1485,541,0.38538553554266,0,541,541,541,541,541,541,541,542,542,542,0.999376357591982,2085.65012457898,2046.8487025278,541,2022-01-20
"Reference: Age and week, Report: Day of week",2022-01-20,2021-12-13,00+,DE,541,FALSE,1,541.149,541,0.387135553738589,0,541,541,541,541,541,541,541,542,542,542,0.999173702417574,1776.55476518619,1711.57909197804,541,2022-01-20
"Reference: Age and week by age, Report: Day of week",2022-01-20,2021-12-13,00+,DE,541,FALSE,1,540.8865,541,12.1069776246428,0,541,541,541,541,541,541,541,542,542,542,0.999722044939771,2040.02584734625,2046.24864521813,541,2022-01-20
"Independent by age, Reference: Week, Report: Day of week",2022-01-20,2021-12-13,00+,DE,541,FALSE,1,541.1725,541,0.416930048488552,0,541,541,541,541,541,541,541,542,542,542,0.999567072103462,2023.17265268162,1989.94671749145,541,2022-01-20
"Independent by age, Reference: Week and day of week, Report: Day of week",2022-01-20,2021-12-13,00+,DE,541,FALSE,1,541.172,541,0.416536614687938,0,541,541,541,541,541,541,541,542,542,542,0.999673200908154,1916.91031046127,1915.41280049856,541,2022-01-20
"Reference: Fixed, Report: Fixed",2022-01-20,2021-12-14,00+,DE,1207,FALSE,1,1210.2675,1210,2.22652699539678,1.4826,1207,1207,1208,1209,1210,1212,1212,1213,1214,1215,1.00030131908811,2044.08812748623,1854.55587482096,1208,2022-01-20
"Reference: Fixed, Report: Day of week",2022-01-20,2021-12-14,00+,DE,1207,FALSE,1,1207.7125,1208,0.840950265279902,1.4826,1207,1207,1207,1207,1208,1208,1208,1209,1209,1210,1.00100715160895,1941.26047425446,1808.60963981642,1207,2022-01-20
"Reference: Age, Report: Day of week",2022-01-20,2021-12-14,00+,DE,1207,FALSE,1,1207.6665,1207,0.826207637056064,0,1207,1207,1207,1207,1207,1208,1208,1209,1209,1210,0.999246539207497,2083.93207242932,1941.87123454812,1207,2022-01-20
"Reference: Age and week, Report: Day of week",2022-01-20,2021-12-14,00+,DE,1207,FALSE,1,1207.663,1207,0.832933304019279,0,1207,1207,1207,1207,1207,1208,1208,1209,1209,1210,0.999259365368229,2064.80384264892,1870.59987507321,1207,2022-01-20
"Reference: Age and week by age, Report: Day of week",2022-01-20,2021-12-14,00+,DE,1207,FALSE,1,1207.007,1207,27.0154375854615,0,1207,1207,1207,1207,1207,1208,1208,1209,1209,1210,1.00345150683282,1881.17202164066,1999.5662045583,1207,2022-01-20
"Independent by age, Reference: Week, Report: Day of week",2022-01-20,2021-12-14,00+,DE,1207,FALSE,1,1207.742,1208,0.893216053068198,1.4826,1207,1207,1207,1207,1208,1208,1208,1209,1209,1210,0.999338813627849,2036.14947893803,1805.48473151029,1207,2022-01-20
"Independent by age, Reference: Week and day of week, Report: Day of week",2022-01-20,2021-12-14,00+,DE,1207,FALSE,1,1207.741,1208,0.864460899244819,1.4826,1207,1207,1207,1207,1208,1208,1208,1209,1209,1210,1.00099012888761,2133.54620503859,1900.27446061517,1207,2022-01-20
"Reference: Fixed, Report: Fixed",2022-01-20,2021-12-15,00+,DE,1588,FALSE,1,1595.516,1595,3.73077784807349,2.9652,1590,1590,1592,1593,1595,1598,1599,1600,1602,1604,0.999658747703593,2040.0333578941,1986.72043782075,1591,2022-01-20
"Reference: Fixed, Report: Day of week",2022-01-20,2021-12-15,00+,DE,1588,FALSE,1,1590.1755,1590,1.52671712592454,1.4826,1588,1588,1589,1589,1590,1591,1591,1592,1593,1594,1.00010013918606,1962.62829505439,1716.16061769539,1588,2022-01-20
"Reference: Age, Report: Day of week",2022-01-20,2021-12-15,00+,DE,1588,FALSE,1,1590.1155,1590,1.56824406414383,1.4826,1588,1588,1589,1589,1590,1591,1591,1592,1593,1594,1.00009595535608,1954.05653105531,1928.22247514385,1588,2022-01-20
"Reference: Age and week, Report: Day of week",2022-01-20,2021-12-15,00+,DE,1588,FALSE,1,1590.0925,1590,1.52253170784739,1.4826,1588,1588,1589,1589,1590,1591,1591,1592,1593,1593,1.00094697656181,2009.1475700951,1994.25990564118,1588,2022-01-20
"Reference: Age and week by age, Report: Day of week",2022-01-20,2021-12-15,00+,DE,1588,FALSE,1,1589.1315,1590,35.5800109097534,1.4826,1588,1588,1589,1589,1590,1591,1591,1592,1593,1593,0.999864489063887,1911.54088721655,1927.79157806758,1588,2022-01-20
"Independent by age, Reference: Week, Report: Day of week",2022-01-20,2021-12-15,00+,DE,1588,FALSE,1,1590.186,1590,1.59080776169446,1.4826,1588,1588,1589,1589,1590,1591,1591,1592,1593,1594,1.00115027105652,2080.0611484747,2030.86399593621,1588,2022-01-20
"Independent by age, Reference: Week and day of week, Report: Day of week",2022-01-20,2021-12-15,00+,DE,1588,FALSE,1,1590.1215,1590,1.5565825466747,1.4826,1588,1588,1589,1589,1590,1591,1591,1592,1593,1594,1.00107266884572,2082.98053488805,1998.22054055598,1588,2022-01-20
"Reference: Fixed, Report: Fixed",2022-01-20,2021-12-16,00+,DE,1345,FALSE,1,1354.6025,1354,4.33149797268147,4.4478,1347,1348,1351,1351,1354,1357,1358,1361,1362,1365,0.999863568546797,2038.79687566377,1613.77493105181,1349,2022-01-20
"Reference: Fixed, Report: Day of week",2022-01-20,2021-12-16,00+,DE,1345,FALSE,1,1348.121,1348,1.88789328896929,1.4826,1345,1345,1346,1347,1348,1349,1350,1351,1351,1352,0.999799361876405,2008.20661458072,1880.21919224058,1346,2022-01-20
"Reference: Age, Report: Day of week",2022-01-20,2021-12-16,00+,DE,1345,FALSE,1,1348.092,1348,1.86903254153604,1.4826,1345,1345,1346,1347,1348,1349,1350,1350,1351,1352,1.00053801205484,1888.728859431,1697.68036372956,1346,2022-01-20
"Reference: Age and week, Report: Day of week",2022-01-20,2021-12-16,00+,DE,1345,FALSE,1,1348.199,1348,1.86094883467618,1.4826,1345,1346,1347,1347,1348,1349,1350,1351,1352,1352,0.99985322741195,1785.2652393313,1896.34016170045,1346,2022-01-20
"Reference: Age and week by age, Report: Day of week",2022-01-20,2021-12-16,00+,DE,1345,FALSE,1,1347.0325,1347,30.184051786351,1.4826,1345,1345,1346,1346,1347,1349,1349,1350,1351,1351,1.01453967069588,878.164613215501,1810.50518426011,1346,2022-01-20
"Independent by age, Reference: Week, Report: Day of week",2022-01-20,2021-12-16,00+,DE,1345,FALSE,1,1348.283,1348,1.93410997378519,1.4826,1345,1346,1347,1347,1348,1349,1350,1351,1352,1353,1.00016872125125,1775.60691423823,1729.27613317172,1346,2022-01-20
"Independent by age, Reference: Week and day of week, Report: Day of week",2022-01-20,2021-12-16,00+,DE,1345,FALSE,1,1347.9935,1348,1.76210392858298,1.4826,1345,1346,1346,1347,1348,1349,1349,1350,1351,1352,1.00095221452869,1856.23800971932,1886.60963449718,1346,2022-01-20
"Reference: Fixed, Report: Fixed",2022-01-20,2021-12-17,00+,DE,1200,FALSE,1,1210.687,1210,4.3675586755523,4.4478,1204,1204,1207,1207,1210,1213,1214,1217,1219,1221,1.00122338973338,2126.51520002594,1976.20874898131,1205,2022-01-20
"Reference: Fixed, Report: Day of week",2022-01-20,2021-12-17,00+,DE,1200,FALSE,1,1203.974,1204,2.13508859339626,1.4826,1201,1201,1202,1202,1204,1205,1206,1207,1208,1209,1.00037752160257,2118.78368437817,2020.0598570524,1201,2022-01-20
"Reference: Age, Report: Day of week",2022-01-20,2021-12-17,00+,DE,1200,FALSE,1,1203.6955,1203,2.10451758061641,1.4826,1200,1201,1202,1202,1203,1205,1205,1206,1208,1208,1.00045404246996,2201.4128717911,2062.83055134738,1201,2022-01-20
"Reference: Age and week, Report: Day of week",2022-01-20,2021-12-17,00+,DE,1200,FALSE,1,1203.805,1204,2.09932812806732,2.9652,1200,1201,1202,1202,1204,1205,1206,1207,1207,1208,0.999354866296955,1888.80481270405,1873.71363304484,1201,2022-01-20
"Reference: Age and week by age, Report: Day of week",2022-01-20,2021-12-17,00+,DE,1200,FALSE,1,1202.902,1203,26.9835960025089,1.4826,1200,1201,1202,1202,1203,1205,1205,1206,1207,1208,1.00181539334102,1894.54549408255,1761.70307799964,1201,2022-01-20
"Independent by age, Reference: Week, Report: Day of week",2022-01-20,2021-12-17,00+,DE,1200,FALSE,1,1203.8875,1204,2.2307693551683,2.9652,1200,1201,1202,1202,1204,1205,1206,1207,1208,1209,0.99923728244809,1948.38746288111,1983.17571711415,1201,2022-01-20
"Independent by age, Reference: Week and day of week, Report: Day of week",2022-01-20,2021-12-17,00+,DE,1200,FALSE,1,1203.786,1204,2.09102611057288,1.4826,1200,1201,1202,1202,1204,1205,1205,1207,1208,1209,1.0013988088912,1975.81728977504,2007.32916166421,1201,2022-01-20
"Reference: Fixed, Report: Fixed",2022-01-20,2021-12-18,00+,DE,1083,FALSE,1,1095.038,1095,4.76087060782713,4.4478,1087,1088,1091,1092,1095,1098,1099,1101,1104,1106,1.00075623540371,2014.34726384182,1913.08897170504,1089,2022-01-20
"Reference: Fixed, Report: Day of week",2022-01-20,2021-12-18,00+,DE,1083,FALSE,1,1088.08,1088,2.44838667261716,2.9652,1084,1084,1086,1086,1088,1090,1090,1091,1093,1093,0.99987527358522,1925.67324388117,1839.95333766207,1085,2022-01-20
"Reference: Age, Report: Day of week",2022-01-20,2021-12-18,00+,DE,1083,FALSE,1,1087.6785,1087,2.36112795345917,1.4826,1084,1084,1086,1086,1087,1089,1090,1091,1092,1093,0.999471340077251,1859.16652603183,1931.66670317471,1085,2022-01-20
"Reference: Age and week, Report: Day of week",2022-01-20,2021-12-18,00+,DE,1083,FALSE,1,1087.6235,1087,2.32151727782406,1.4826,1084,1084,1086,1086,1087,1089,1089,1091,1092,1093,1.00000105560192,1647.05415417891,2047.53377108954,1085,2022-01-20
"Reference: Age and week by age, Report: Day of week",2022-01-20,2021-12-18,00+,DE,1083,FALSE,1,1086.92,1087,24.4207040314709,1.4826,1084,1084,1086,1086,1087,1089,1089,1090,1092,1093,1.00316164137357,2038.68535488787,2017.32842831474,1085,2022-01-20
"Independent by age, Reference: Week, Report: Day of week",2022-01-20,2021-12-18,00+,DE,1083,FALSE,1,1087.793,1087,2.43374455444242,2.9652,1084,1084,1086,1086,1087,1089,1090,1091,1092,1093,1.00205718082248,2010.02998253614,1775.03151062309,1085,2022-01-20
"Independent by age, Reference: Week and day of week, Report: Day of week",2022-01-20,2021-12-18,00+,DE,1083,FALSE,1,1087.8845,1088,2.37106953406426,2.9652,1084,1084,1086,1086,1088,1089,1090,1091,1092,1093,1.00009939205079,1876.08160015549,2068.38429054227,1085,2022-01-20
"Reference: Fixed, Report: Fixed",2022-01-20,2021-12-19,00+,DE,722,FALSE,1,732.85,732,4.18392789449259,4.4478,726,727,729,730,732,735,736,738,741,742.025,1.00032070700446,2138.51045412266,1936.17251694576,728,2022-01-20
"Reference: Fixed, Report: Day of week",2022-01-20,2021-12-19,00+,DE,722,FALSE,1,727.236,727,2.40337098593788,2.9652,723,724,725,726,727,729,729,731,732,732,0.99944242935253,1960.70738860183,1764.40700559339,724,2022-01-20
"Reference: Age, Report: Day of week",2022-01-20,2021-12-19,00+,DE,722,FALSE,1,726.6745,726,2.26365010677511,1.4826,723,723,725,725,726,728,728,730,731,732,1.00026671489511,2055.42040257441,2035.59750335062,724,2022-01-20
"Reference: Age and week, Report: Day of week",2022-01-20,2021-12-19,00+,DE,722,FALSE,1,726.6225,726,2.2310272278136,1.4826,723,723,725,725,726,728,728,730,731,732,1.00044929691869,1878.81248078341,1942.58524150265,724,2022-01-20
"Reference: Age and week by age, Report: Day of week",2022-01-20,2021-12-19,00+,DE,722,FALSE,1,726.645,727,16.4213521185894,2.9652,723,724,725,725,727,728,729,730,731,732,1.03168988594977,71.8716935356831,911.196348478936,724,2022-01-20
"Independent by age, Reference: Week, Report: Day of week",2022-01-20,2021-12-19,00+,DE,722,FALSE,1,726.879,727,2.36244567657912,2.9652,723,723,725,725,727,728,729,730,731,732,0.999825783449017,2134.36635740201,1963.42084529451,724,2022-01-20
"Independent by age, Reference: Week and day of week, Report: Day of week",2022-01-20,2021-12-19,00+,DE,722,FALSE,1,726.7535,727,2.32388424173505,2.9652,723,723,725,725,727,728,729,730,731,732,0.999221564286577,1966.23085802562,1660.8465178681,724,2022-01-20
"Reference: Fixed, Report: Fixed",2022-01-20,2021-12-20,00+,DE,444,FALSE,1,451.9795,452,3.46700011463765,2.9652,446,447,449,450,452,454,455,456,458,460,1.0008252917358,1983.93345105746,2025.62839661145,448,2022-01-20
"Reference: Fixed, Report: Day of week",2022-01-20,2021-12-20,00+,DE,444,FALSE,1,447.5375,447,1.92131191370242,1.4826,444,445,446,446,447,449,449,450,451,452,0.999223438372404,1907.42079778692,1867.85225568469,445,2022-01-20
"Reference: Age, Report: Day of week",2022-01-20,2021-12-20,00+,DE,444,FALSE,1,447.3465,447,1.93269382021606,1.4826,444,445,446,446,447,448,449,450,451,452,1.0012225286215,1899.97318682277,1970.21899698802,445,2022-01-20
"Reference: Age and week, Report: Day of week",2022-01-20,2021-12-20,00+,DE,444,FALSE,1,447.2865,447,1.86819774954787,1.4826,444,445,446,446,447,448,449,450,451,451,1.00018084811199,1879.64987347977,1704.25167272938,445,2022-01-20
"Reference: Age and week by age, Report: Day of week",2022-01-20,2021-12-20,00+,DE,444,FALSE,1,447.226,447,10.1848804556042,1.4826,444,445,446,446,447,449,449,450,451,452,1.00195638686565,1725.7586456217,1787.37931199909,445,2022-01-20
"Independent by age, Reference: Week, Report: Day of week",2022-01-20,2021-12-20,00+,DE,444,FALSE,1,447.4625,447,1.93996790894692,1.4826,444,445,446,446,447,449,449,450,451,452,0.999731819478633,2012.57574400506,1710.7428678676,445,2022-01-20
"Independent by age, Reference: Week and day of week, Report: Day of week",2022-01-20,2021-12-20,00+,DE,444,FALSE,1,447.967,448,2.1531904501361,1.4826,445,445,446,446,448,449,450,451,452,453,1.00050861591139,2080.07128258434,1591.01451307627,445,2022-01-20
"Reference: Fixed, Report: Fixed",2022-01-20,2021-12-21,00+,DE,990,FALSE,1,1006.462,1006,5.51577445912557,5.9304,997,998,1002,1003,1006,1010,1011,1014,1016,1019,1.00123240274286,1908.23596235906,1756.64562767976,1000,2022-01-20
"Reference: Fixed, Report: Day of week",2022-01-20,2021-12-21,00+,DE,990,FALSE,1,998.0445,998,3.14840848493235,2.9652,993,993,995,996,998,1000,1001,1002,1004,1005,1.00167673069819,2138.16940212083,1918.35922451059,994,2022-01-20
"Reference: Age, Report: Day of week",2022-01-20,2021-12-21,00+,DE,990,FALSE,1,997.5075,997,2.92988666469097,2.9652,993,993,995,995,997,999,1000,1001,1003,1004,0.99981678547856,1990.50377768862,1958.81480992888,994,2022-01-20
"Reference: Age and week, Report: Day of week",2022-01-20,2021-12-21,00+,DE,990,FALSE,1,997.3955,997,2.89866881351513,2.9652,992,993,995,995,997,999,1000,1001,1002,1003.025,0.999975492846646,1874.96093229926,1903.27480519125,994,2022-01-20
"Reference: Age and week by age, Report: Day of week",2022-01-20,2021-12-21,00+,DE,990,FALSE,1,997.192,998,22.5065859073428,2.9652,992.975,993,995,996,998,1000,1000,1002,1003,1004,0.999773455457975,1759.98700947234,1774.81296617732,994,2022-01-20
"Independent by age, Reference: Week, Report: Day of week",2022-01-20,2021-12-21,00+,DE,990,FALSE,1,997.5975,997,3.12592057476192,2.9652,992,993,995,995,997,1000,1000,1002,1003,1005,1.00039436230571,2208.79651469,1890.61314034157,994,2022-01-20
"Independent by age, Reference: Week and day of week, Report: Day of week",2022-01-20,2021-12-21,00+,DE,990,FALSE,1,997.88,998,3.12913658185033,2.9652,993,993,995,996,998,1000,1000,1002,1003,1005,0.999910395655959,1949.77101466577,1877.59489167224,994,2022-01-20
"Reference: Fixed, Report: Fixed",2022-01-20,2021-12-22,00+,DE,1196,FALSE,1,1222.04,1221,7.60120313796259,7.413,1210,1211,1215,1216,1221,1227,1228,1232,1236,1239,1.00044486017335,2018.62900780078,1784.39415779109,1213,2022-01-20
"Reference: Fixed, Report: Day of week",2022-01-20,2021-12-22,00+,DE,1196,FALSE,1,1209.6235,1209,4.12919760806421,4.4478,1202,1203,1206,1207,1209,1212,1213,1215,1217,1219,1.00000708824791,1983.51327031805,1808.2606387443,1205,2022-01-20
"Reference: Age, Report: Day of week",2022-01-20,2021-12-22,00+,DE,1196,FALSE,1,1208.8905,1209,4.15308726333898,4.4478,1202,1203,1205,1206,1209,1212,1212,1214,1216,1218,0.999607766743173,1927.22103093177,1908.9245301699,1204,2022-01-20
"Reference: Age and week, Report: Day of week",2022-01-20,2021-12-22,00+,DE,1196,FALSE,1,1208.57,1208,4.00725954544153,4.4478,1201.975,1203,1205,1206,1208,1211,1212,1214,1216,1217,0.999634083552742,2051.94554431364,1990.84054880867,1204,2022-01-20
"Reference: Age and week by age, Report: Day of week",2022-01-20,2021-12-22,00+,DE,1196,FALSE,1,1208.9495,1209,27.3410994220936,4.4478,1202,1203,1206,1207,1209,1212,1213,1215,1217,1218,1.00119911172307,1851.51292758149,1929.4293737936,1204,2022-01-20
"Independent by age, Reference: Week, Report: Day of week",2022-01-20,2021-12-22,00+,DE,1196,FALSE,1,1208.9645,1209,4.16183856007174,4.4478,1202,1203,1205,1206,1209,1212,1213,1214,1216,1218,1.0019303888924,2016.56139288086,1982.87327395482,1204,2022-01-20
"Independent by age, Reference: Week and day of week, Report: Day of week",2022-01-20,2021-12-22,00+,DE,1196,FALSE,1,1208.8285,1208,4.23639720524886,4.4478,1202,1202,1205,1206,1208,1212,1212,1215,1216,1218,0.999871655760797,1992.78212786933,1734.78763398187,1204,2022-01-20
"Reference: Fixed, Report: Fixed",2022-01-20,2021-12-23,00+,DE,986,FALSE,1,1010.3075,1010,7.05739662861503,7.413,998.975,1000,1004,1005,1010,1015,1016,1020,1023,1025,1.0000841890506,2164.4873567259,1930.96284447761,1002,2022-01-20
"Reference: Fixed, Report: Day of week",2022-01-20,2021-12-23,00+,DE,986,FALSE,1,999.235,999,4.01033868996175,4.4478,992,993,996,996,999,1002,1002,1004,1006,1008,1.00203444112379,1783.3050677262,1891.26314656661,994,2022-01-20
"Reference: Age, Report: Day of week",2022-01-20,2021-12-23,00+,DE,986,FALSE,1,997.9085,998,3.74127335450867,4.4478,991,992,994.8,995,998,1000,1001,1003,1004,1005.025,1.00170687635731,2196.37792704808,1801.93350800935,993,2022-01-20
"Reference: Age and week, Report: Day of week",2022-01-20,2021-12-23,00+,DE,986,FALSE,1,997.8365,997,3.92701903347114,4.4478,991,992,994,995,997,1000,1001,1003,1005,1006,1.00169640140043,2028.84237818601,1863.23980848932,993,2022-01-20
"Reference: Age and week by age, Report: Day of week",2022-01-20,2021-12-23,00+,DE,986,FALSE,1,997.267,998,22.6246911431883,4.4478,991,992,994.8,995,998,1000,1001,1002,1004,1006,1.00085691373087,1771.65455017563,1896.63868069887,993,2022-01-20
"Independent by age, Reference: Week, Report: Day of week",2022-01-20,2021-12-23,00+,DE,986,FALSE,1,998.7175,999,3.96125479106809,4.4478,992,993,995,996,999,1001,1002,1004,1006,1007,1.00180745723996,1927.31857586917,1954.30404077621,994,2022-01-20
"Independent by age, Reference: Week and day of week, Report: Day of week",2022-01-20,2021-12-23,00+,DE,986,FALSE,1,997.959,998,3.87902596294619,4.4478,991,992,995,995,998,1000,1001,1003,1005,1006,1.0003489095317,2120.37370300304,1862.6007691414,993,2022-01-20
"Reference: Fixed, Report: Fixed",2022-01-20,2021-12-24,00+,DE,872,FALSE,1,899.0915,898,7.77079921309289,7.413,886,887,892,894,898,904,905,909,913,916,1.00087351576542,2113.54461904497,2019.81534210647,890,2022-01-20
"Reference: Fixed, Report: Day of week",2022-01-20,2021-12-24,00+,DE,872,FALSE,1,888.7,888,4.66496312316295,4.4478,880,882,885,885,888,892,893,895,897,898.025,1.00054555571155,2290.91352152905,1865.78362380628,883,2022-01-20
"Reference: Age, Report: Day of week",2022-01-20,2021-12-24,00+,DE,872,FALSE,1,887.0045,887,4.42281136610981,4.4478,879,880,883,884,887,890,891,893,894.05,896,1.00030367951565,2173.87395373821,1802.10930981654,882,2022-01-20
"Reference: Age and week, Report: Day of week",2022-01-20,2021-12-24,00+,DE,872,FALSE,1,887.0255,887,4.39118332519809,4.4478,879,880,883,884,887,890,891,893,894,897,0.999382570426888,2059.90977102373,1954.29492395687,882,2022-01-20
"Reference: Age and week by age, Report: Day of week",2022-01-20,2021-12-24,00+,DE,872,FALSE,1,886.3035,887,20.2781653446477,4.4478,879,880,883,884,887,889,890,892,894,895,1.00311247758806,1713.49356891343,1764.53407331739,881,2022-01-20
"Independent by age, Reference: Week, Report: Day of week",2022-01-20,2021-12-24,00+,DE,872,FALSE,1,888.047,888,4.72429364828623,4.4478,880,881,884,885,888,891,892,894,896,898,1.00005803482246,2067.48047219969,1916.56185431689,882,2022-01-20
"Independent by age, Reference: Week and day of week, Report: Day of week",2022-01-20,2021-12-24,00+,DE,872,FALSE,1,887.6265,887,4.62241074446498,4.4478,880,881,884,884,887,890,891,894,896,897,1.00061144057389,1846.9768080503,1630.02958909936,882,2022-01-20
"Reference: Fixed, Report: Fixed",2022-01-20,2021-12-25,00+,DE,476,FALSE,1,493.344,493,5.58509271456752,5.9304,484,485,488,489,493,497,498,501,503,506,1.00026460546957,1615.04528977981,1989.09104944546,486,2022-01-20
"Reference: Fixed, Report: Day of week",2022-01-20,2021-12-25,00+,DE,476,FALSE,1,487.4125,487,3.65212441688097,2.9652,481,482,484,485,487,490,490,492,494,495,0.999391169621205,1915.69444408993,2089.25498334985,483,2022-01-20
"Reference: Age, Report: Day of week",2022-01-20,2021-12-25,00+,DE,476,FALSE,1,486.272,486,3.4905741725434,2.9652,480,481,483,484,486,488,489,491,492,494,1.00000650845328,1932.65192990904,1993.68182641228,482,2022-01-20
"Reference: Age and week, Report: Day of week",2022-01-20,2021-12-25,00+,DE,476,FALSE,1,486.106,486,3.46088902977807,2.9652,480,481,483,484,486,488,489,491,492,493,1.00156444315749,1929.88104985466,1500.91690862079,482,2022-01-20
"Reference: Age and week by age, Report: Day of week",2022-01-20,2021-12-25,00+,DE,476,FALSE,1,485.615,486,11.3928782068851,2.9652,480,481,483,483,486,488,489,490,492,493,1.00648149301873,1787.82354014914,1727.90140685241,482,2022-01-20
"Independent by age, Reference: Week, Report: Day of week",2022-01-20,2021-12-25,00+,DE,476,FALSE,1,486.894,487,3.70737593429087,2.9652,480,481,484,484,487,489,490,492,493,495,0.999917054191092,2094.15660780676,1958.5168879265,482,2022-01-20
"Independent by age, Reference: Week and day of week, Report: Day of week",2022-01-20,2021-12-25,00+,DE,476,FALSE,1,486.7045,486,3.71309483943561,2.9652,480,481,484,484,486,489,490,492,493,494,0.999547058764082,1954.32005457631,1629.91922010934,482,2022-01-20
"Reference: Fixed, Report: Fixed",2022-01-20,2021-12-26,00+,DE,318,FALSE,1,330.0655,330,4.21534035365456,4.4478,323,324,326,327,330,333,333,335,338,339,1.00049104483403,2037.1360910562,1922.26301726365,325,2022-01-20
"Reference: Fixed, Report: Day of week",2022-01-20,2021-12-26,00+,DE,318,FALSE,1,325.894,326,3.00986605130916,2.9652,321,321,323,324,326,328,328,330,331,332,1.00030053618124,2004.38611855376,1986.64032091593,322,2022-01-20
"Reference: Age, Report: Day of week",2022-01-20,2021-12-26,00+,DE,318,FALSE,1,325.009,325,2.78150811497951,2.9652,320,321,323,323,325,327,327,329,330,331,1.00083182405224,2036.58974653762,1887.12810285043,322,2022-01-20
"Reference: Age and week, Report: Day of week",2022-01-20,2021-12-26,00+,DE,318,FALSE,1,324.8945,325,2.80130208951094,2.9652,320,321,323,323,325,327,327,329,330,331,0.999773191438836,2182.90921441262,1815.17620928381,321,2022-01-20
"Reference: Age and week by age, Report: Day of week",2022-01-20,2021-12-26,00+,DE,318,FALSE,1,324.841,325,7.79282253368577,2.9652,320,321,323,323,325,327,327,329,330,331,1.00067178237937,1807.34548913984,1858.94252132362,322,2022-01-20
"Independent by age, Reference: Week, Report: Day of week",2022-01-20,2021-12-26,00+,DE,318,FALSE,1,325.3785,325,2.85154403818367,2.9652,320,321,323,323,325,327,328,329,330,332,0.999939009381568,2039.56205067512,1964.10998448122,322,2022-01-20
"Independent by age, Reference: Week and day of week, Report: Day of week",2022-01-20,2021-12-26,00+,DE,318,FALSE,1,325.1665,325,2.90189390642078,2.9652,320,321,323,323,325,327,327,329,330,331,1.00161414600467,1769.20549533257,1435.73943612066,322,2022-01-20
"Reference: Fixed, Report: Fixed",2022-01-20,2021-12-27,00+,DE,346,FALSE,1,360.794,360,4.83272610653764,4.4478,352,353,357,357,360,364,365,367,369,371,0.999338149276862,2059.75720174859,1870.98553638358,355,2022-01-20
"Reference: Fixed, Report: Day of week",2022-01-20,2021-12-27,00+,DE,346,FALSE,1,355.307,355,3.34833640459545,2.9652,349,350,352,353,355,357,358,360,361,363,0.999786394753055,2015.69541615377,1837.75435321036,351,2022-01-20
"Reference: Age, Report: Day of week",2022-01-20,2021-12-27,00+,DE,346,FALSE,1,354.288,354,3.10884036969126,2.9652,349,349,352,352,354,356,357,358,360,361,1.00229740182267,1976.47491554453,1798.75829476096,350,2022-01-20
"Reference: Age and week, Report: Day of week",2022-01-20,2021-12-27,00+,DE,346,FALSE,1,354.252,354,3.09972581853219,2.9652,349,350,352,352,354,356,357,358,360,361,1.00051304054891,1985.77874279732,2019.76356369156,350,2022-01-20
"Reference: Age and week by age, Report: Day of week",2022-01-20,2021-12-27,00+,DE,346,FALSE,1,353.7735,354,8.49000811948578,2.9652,349,349,351,352,354,356,356,358,360,361,1.00396197520718,1460.87161026988,1853.2939955113,350,2022-01-20
"Independent by age, Reference: Week, Report: Day of week",2022-01-20,2021-12-27,00+,DE,346,FALSE,1,354.6265,354,3.15388193114736,2.9652,349,350,352,352,354,357,357,359,360,362,1.00075756652471,1978.00617595976,1771.10768958271,351,2022-01-20
"Independent by age, Reference: Week and day of week, Report: Day of week",2022-01-20,2021-12-27,00+,DE,346,FALSE,1,355.7965,356,3.3598708481217,2.9652,350,351,353,353,356,358,358,360,362,363,0.999758808695254,2049.71231185888,2006.51900887641,352,2022-01-20
"Reference: Fixed, Report: Fixed",2022-01-20,2021-12-28,00+,DE,864,FALSE,1,897.446,897,8.77288810956184,8.8956,882,884,890,891,897,903,905,909,912,916,1.00310890532538,2323.07431967204,1945.51116748095,886,2022-01-20
"Reference: Fixed, Report: Day of week",2022-01-20,2021-12-28,00+,DE,864,FALSE,1,884.6455,884,5.06178235113731,4.4478,875,877,880,881,884,888,889,891,893,895,0.999644402056334,2035.58982500221,2055.25611826677,878,2022-01-20
"Reference: Age, Report: Day of week",2022-01-20,2021-12-28,00+,DE,864,FALSE,1,882.6235,882,4.89190281041573,4.4478,874,875,879,879,882,886,887,889,891,893,0.99972081972385,1908.54404199439,2002.83256446881,877,2022-01-20
"Reference: Age and week, Report: Day of week",2022-01-20,2021-12-28,00+,DE,864,FALSE,1,882.2215,882,4.80239203258307,4.4478,874,875,878,879,882,885,886,889,891,892,1.00049685203536,1906.36134030352,1497.24821915656,876,2022-01-20
"Reference: Age and week by age, Report: Day of week",2022-01-20,2021-12-28,00+,DE,864,FALSE,1,882.739,883,20.3548775363489,4.4478,874,876,879,880,883,886,887,890,891.05,894,1.00444995847366,1823.9349492858,1807.79089613665,877,2022-01-20
"Independent by age, Reference: Week, Report: Day of week",2022-01-20,2021-12-28,00+,DE,864,FALSE,1,883.6475,883,5.1607713115643,4.4478,874,876,879,880,883,887,888,891,893,894,1.00242124535869,2024.20055060371,1873.77276273893,877,2022-01-20
"Independent by age, Reference: Week and day of week, Report: Day of week",2022-01-20,2021-12-28,00+,DE,864,FALSE,1,884.1075,884,5.27625465473292,4.4478,875,876,880,880,884,887,888,891,893,895,1.00078092643814,1999.27653179554,1928.44902224895,877,2022-01-20
"Reference: Fixed, Report: Fixed",2022-01-20,2021-12-29,00+,DE,1077,FALSE,1,1133.169,1133,13.324646791043,13.3434,1111,1113,1122,1124,1133,1141,1144,1150,1156.05,1162,1.00121469510735,2197.25642262312,2001.95805141293,1117,2022-01-20
"Reference: Fixed, Report: Day of week",2022-01-20,2021-12-29,00+,DE,1077,FALSE,1,1112.98,1113,7.23738833384996,7.413,1100,1101,1107,1108,1113,1118,1119,1123,1125,1128,1.00014883420242,2064.11031637272,2082.4615973892,1104,2022-01-20
"Reference: Age, Report: Day of week",2022-01-20,2021-12-29,00+,DE,1077,FALSE,1,1111.1105,1111,6.9706229665842,7.413,1099,1100,1105,1106,1111,1116,1117,1120,1123,1126,1.00114704234175,2070.25416243621,1957.03530220675,1102,2022-01-20
"Reference: Age and week, Report: Day of week",2022-01-20,2021-12-29,00+,DE,1077,FALSE,1,1111.4345,1111,7.32342310760525,7.413,1098,1100,1105,1106,1111,1116,1117.2,1121,1124,1126.025,1.00051303014089,1970.19095424939,1931.74926135596,1102,2022-01-20
"Reference: Age and week by age, Report: Day of week",2022-01-20,2021-12-29,00+,DE,1077,FALSE,1,1109.264,1109,25.8046748598449,7.413,1097,1099,1104,1105,1109,1114,1115,1119,1122,1125,1.02425999258279,108.391001304834,1484.0228782905,1101,2022-01-20
"Independent by age, Reference: Week, Report: Day of week",2022-01-20,2021-12-29,00+,DE,1077,FALSE,1,1111.1305,1111,7.31575217355895,7.413,1097,1100,1105,1106,1111,1116,1117,1121,1123,1126,1.00125412631158,1913.74087592899,1345.06987105982,1102,2022-01-20
"Independent by age, Reference: Week and day of week, Report: Day of week",2022-01-20,2021-12-29,00+,DE,1077,FALSE,1,1110.9245,1110,7.36090287910375,7.413,1097,1099.95,1105,1106,1110,1115,1117,1121,1124,1126.025,1.00107175463467,1957.3398783124,1788.85498326033,1102,2022-01-20
"Reference: Fixed, Report: Fixed",2022-01-20,2021-12-30,00+,DE,941,FALSE,1,995.4175,995,13.089876476999,13.3434,973,976,984,986,995,1003,1006,1013,1018,1024,1.00073905369333,1907.44887108658,1831.91691493008,979,2022-01-20
"Reference: Fixed, Report: Day of week",2022-01-20,2021-12-30,00+,DE,941,FALSE,1,977.74,977,7.53669694895915,7.413,964,966,971,972,977,983,984,988,991,993,1.00000937954039,1994.84736680258,1864.06836201549,969,2022-01-20
"Reference: Age, Report: Day of week",2022-01-20,2021-12-30,00+,DE,941,FALSE,1,975.8,976,6.95982899285643,7.413,963,965,970,971,976,980,982,984.1,987.05,990,1.0014608661817,2305.59482390216,2003.35168357153,967,2022-01-20
"Reference: Age and week, Report: Day of week",2022-01-20,2021-12-30,00+,DE,941,FALSE,1,976.051,976,7.14625310681992,7.413,963,965,970,971,976,981,982,986,988,991,1.00028138052878,2249.2619335721,1943.34840421787,967,2022-01-20
"Reference: Age and week by age, Report: Day of week",2022-01-20,2021-12-30,00+,DE,941,FALSE,1,974.753,975,22.9341443810151,7.413,963,964,969,970,975,980,981,984,987,991,1.01067394998396,1216.48109689956,1306.29783558254,967,2022-01-20
"Independent by age, Reference: Week, Report: Day of week",2022-01-20,2021-12-30,00+,DE,941,FALSE,1,975.894,975,7.38789919579738,7.413,962.975,964,970,971,975,981,982,985.1,989,992,1.00107130021447,1961.4553570397,1994.20353185779,967,2022-01-20
"Independent by age, Reference: Week and day of week, Report: Day of week",2022-01-20,2021-12-30,00+,DE,941,FALSE,1,974.3595,974,7.06705252320109,7.413,962,964,968,969.75,974,979,980,984,987,990,0.999648862706176,1959.80749801556,1929.48494161741,965,2022-01-20
"Reference: Fixed, Report: Fixed",2022-01-20,2021-12-31,00+,DE,887,FALSE,1,948.9895,948,13.9469942666704,13.3434,926,929,937,939,948,958,960,967,974,980.025,1.00004643111102,2228.77318160003,2085.54622161318,932,2022-01-20
"Reference: Fixed, Report: Day of week",2022-01-20,2021-12-31,00+,DE,887,FALSE,1,932.6035,932,8.56767122648404,8.8956,917,920,925,927,932,938,940,944,947,951,0.999750166808422,1865.64591534973,1809.23260062283,922,2022-01-20
"Reference: Age, Report: Day of week",2022-01-20,2021-12-31,00+,DE,887,FALSE,1,930.319,930,8.17720443282226,8.8956,916,917,923,924,930,936,937,941,944,947,0.999975927513275,1963.82640421923,1850.98499693998,920,2022-01-20
"Reference: Age and week, Report: Day of week",2022-01-20,2021-12-31,00+,DE,887,FALSE,1,930.304,930,8.20037847318962,7.413,915,917,923.8,925,930,936,937,941,944,947,0.999545159720017,2093.53627848849,1594.37660913706,919.9,2022-01-20
"Reference: Age and week by age, Report: Day of week",2022-01-20,2021-12-31,00+,DE,887,FALSE,1,927.9105,928,22.1628763091154,7.413,914.975,916,922,923,928,933,935,939,942,945,1.01126558758984,1170.35660239622,1708.98836043202,919,2022-01-20
"Independent by age, Reference: Week, Report: Day of week",2022-01-20,2021-12-31,00+,DE,887,FALSE,1,930.962,931,8.50498226698215,8.8956,916,918,924,925,931,937,938,942,946,949,1.00014935702924,2220.52099455313,2074.9847560771,920,2022-01-20
"Independent by age, Reference: Week and day of week, Report: Day of week",2022-01-20,2021-12-31,00+,DE,887,FALSE,1,930.508,930,8.72129385373762,8.8956,914,917,923,925,930,936,938,942,945,949,0.999777877347808,2252.92319867048,1898.44836045923,920,2022-01-20
"Reference: Fixed, Report: Fixed",2022-01-20,2022-01-01,00+,DE,488,FALSE,1,526.986,526,9.78369379795617,8.8956,510,513,519,520,526,533,535,540,544,549,1.00085490981199,1981.98701096147,1873.60929085483,515,2022-01-20
"Reference: Fixed, Report: Day of week",2022-01-20,2022-01-01,00+,DE,488,FALSE,1,518.69,518,6.40909028014972,5.9304,507,509,513,514,518,523,524,527,530,532,1.00128861542662,2056.11732395439,1785.03478331078,511,2022-01-20
"Reference: Age, Report: Day of week",2022-01-20,2022-01-01,00+,DE,488,FALSE,1,516.824,516,6.48938210001692,5.9304,505,507,511,512,516,521,522,525,528,531,1.00144470671414,2089.50012368763,1796.95688999859,509,2022-01-20
"Reference: Age and week, Report: Day of week",2022-01-20,2022-01-01,00+,DE,488,FALSE,1,516.385,516,6.39415495658374,5.9304,505,507,511,512,516,520,522,525,527,530,1.00057692658704,2079.17567617569,2135.29666866038,508,2022-01-20
"Reference: Age and week by age, Report: Day of week",2022-01-20,2022-01-01,00+,DE,488,FALSE,1,515.2385,515,13.0132351817274,5.9304,505,506,510,511,515,519,520,523,526,528,1.00574592132543,1873.94295083339,1625.2225455396,508,2022-01-20
"Independent by age, Reference: Week, Report: Day of week",2022-01-20,2022-01-01,00+,DE,488,FALSE,1,516.795,516,6.37944540393841,5.9304,505,507,511,512,516,521,522,525,528,530,1.00148932215924,2017.4953086371,1573.93441327449,509,2022-01-20
"Independent by age, Reference: Week and day of week, Report: Day of week",2022-01-20,2022-01-01,00+,DE,488,FALSE,1,516.687,516,6.42500360588754,5.9304,506,507,511,512,516,521,522,525,528,530,1.00061447565957,2012.07004608088,1974.97795557711,509,2022-01-20
"Reference: Fixed, Report: Fixed",2022-01-20,2022-01-02,00+,DE,306,FALSE,1,331.538,331,7.13056649146789,7.413,319,321,325,326,331,336,337,341,344,347,0.9994161431505,2297.06866609033,1957.18339340056,323,2022-01-20
"Reference: Fixed, Report: Day of week",2022-01-20,2022-01-02,00+,DE,306,FALSE,1,325.421,325,4.87551477509412,4.4478,317,318,321,322,325,328,329,332,334,336,0.999753765768219,2007.74546548922,1763.32493556064,319,2022-01-20
"Reference: Age, Report: Day of week",2022-01-20,2022-01-02,00+,DE,306,FALSE,1,324.388,324,4.84728832462554,4.4478,316,317,320,321,324,327,328,331,333,335,1.00005037501408,2332.58764750578,1948.95156184662,318,2022-01-20
"Reference: Age and week, Report: Day of week",2022-01-20,2022-01-02,00+,DE,306,FALSE,1,324.08,324,4.74982951696375,4.4478,316,317,320,321,324,327,328,330,333,334,1.00104720797015,2033.20967397356,1958.68162388814,318,2022-01-20
"Reference: Age and week by age, Report: Day of week",2022-01-20,2022-01-02,00+,DE,306,FALSE,1,322.6035,323,8.56194727971449,4.4478,314,316,319,319,323,326,326,329,331,333,1.00419047680991,1557.7666988861,1670.8970088949,317,2022-01-20
"Independent by age, Reference: Week, Report: Day of week",2022-01-20,2022-01-02,00+,DE,306,FALSE,1,324.4355,324,4.99512916827021,4.4478,316,317,320,321,324,328,329,331,333,335,1.0011827323229,2023.2784675773,2023.29690358499,318,2022-01-20
"Independent by age, Reference: Week and day of week, Report: Day of week",2022-01-20,2022-01-02,00+,DE,306,FALSE,1,323.426,323,4.86151634478228,4.4478,315,316,319,320,323,326,327,330,332,334,0.999922879267649,2202.9985231325,1794.34426975551,317,2022-01-20
"Reference: Fixed, Report: Fixed",2022-01-20,2022-01-03,00+,DE,341,FALSE,1,371.415,371,8.39756122438286,7.413,357,359,364,366,371,376,378,383,386,390,0.999389457761738,2136.62493126204,1907.50912861232,361,2022-01-20
"Reference: Fixed, Report: Day of week",2022-01-20,2022-01-03,00+,DE,341,FALSE,1,362.1835,362,5.29989360139362,5.9304,352.975,354,358,358,362,366,367,369,371,373,1.00073212822994,1962.67811812118,1628.19222916595,356,2022-01-20
"Reference: Age, Report: Day of week",2022-01-20,2022-01-03,00+,DE,341,FALSE,1,361.354,361,5.23453762925591,5.9304,352,353,357,358,361,365,366,368,370,372,1.00120237471692,2432.72622305783,2013.59406432054,355,2022-01-20
"Reference: Age and week, Report: Day of week",2022-01-20,2022-01-03,00+,DE,341,FALSE,1,360.963,361,5.15159203064694,5.9304,352,353,356,357,361,364,365,368,370,372,1.000616292922,1880.82314070442,1923.2692076199,355,2022-01-20
"Reference: Age and week by age, Report: Day of week",2022-01-20,2022-01-03,00+,DE,341,FALSE,1,360.728,361,9.56403426257392,4.4478,351,353,356,357,361,364,365,368,370,371.025,1.0499675643361,30.6031344154223,897.029723468933,354,2022-01-20
"Independent by age, Reference: Week, Report: Day of week",2022-01-20,2022-01-03,00+,DE,341,FALSE,1,361.3015,361,5.21106278389244,5.9304,352,353,357,358,361,365,365,368,371,372,1.00037848494397,2309.5515670913,2105.22551800777,355,2022-01-20
"Independent by age, Reference: Week and day of week, Report: Day of week",2022-01-20,2022-01-03,00+,DE,341,FALSE,1,362.38,362,5.5066106981237,5.9304,353,354,358,359,362,366,367,369.1,372,374,0.999932094023499,2187.54525878384,1999.56750639454,355,2022-01-20
"Reference: Fixed, Report: Fixed",2022-01-20,2022-01-04,00+,DE,874,FALSE,1,943.4735,942,15.7224965001777,16.3086,916,920,930,932,942,954,956,964,971,979,1.00018487075159,2442.874952241,1949.17515062647,924,2022-01-20
"Reference: Fixed, Report: Day of week",2022-01-20,2022-01-04,00+,DE,874,FALSE,1,922.8105,922,9.27316480726895,8.8956,906,908,915,916,922,929,930,935,939,942,1.00161308330777,1784.14663153267,1629.54766059501,911,2022-01-20
"Reference: Age, Report: Day of week",2022-01-20,2022-01-04,00+,DE,874,FALSE,1,921.401,921,8.63310281602832,8.8956,906,908,914,915,921,927,929,933,936,939.025,1.00012474592466,2029.82873021583,1661.17245592053,911,2022-01-20
"Reference: Age and week, Report: Day of week",2022-01-20,2022-01-04,00+,DE,874,FALSE,1,922.4175,922,8.96277632375788,8.8956,906,909,915,916,922,928,930,934,938,942,0.999825177578523,1912.82371705419,1994.52556570645,912,2022-01-20
"Reference: Age and week by age, Report: Day of week",2022-01-20,2022-01-04,00+,DE,874,FALSE,1,918.677,919,22.2648946498043,8.8956,903,906,912,913,919,924,926,930,934,938,1.01227075663228,1202.11939144368,1412.27890090133,909,2022-01-20
"Independent by age, Reference: Week, Report: Day of week",2022-01-20,2022-01-04,00+,DE,874,FALSE,1,920.7895,920,9.06709964089669,8.8956,905,907,913,914,920,926,928,932,936,940,1.00118679950072,2100.3954466491,1956.37309475485,909,2022-01-20
"Independent by age, Reference: Week and day of week, Report: Day of week",2022-01-20,2022-01-04,00+,DE,874,FALSE,1,921.207,921,9.08897440462145,8.8956,905,907,913,915,921,927,929,933,937,940,0.999626346384971,1931.2399011985,1983.81882812214,910,2022-01-20
"Reference: Fixed, Report: Fixed",2022-01-20,2022-01-05,00+,DE,968,FALSE,1,1065.0585,1064,21.0633784257263,20.7564,1028,1033.95,1047,1050,1064,1078,1081,1092,1102,1113,1.00019982542711,2459.23032174767,2077.50896413825,1039,2022-01-20
"Reference: Fixed, Report: Day of week",2022-01-20,2022-01-05,00+,DE,968,FALSE,1,1039.077,1039,11.8550977503914,11.8608,1018,1020,1029,1031,1039,1047,1049,1055,1060,1064.025,0.999984974262646,2036.82436365979,1818.28098946765,1024,2022-01-20
"Reference: Age, Report: Day of week",2022-01-20,2022-01-05,00+,DE,968,FALSE,1,1037.982,1037,11.7597117911412,11.8608,1017,1020,1028,1030,1037,1046,1048,1053,1059,1063,0.999605896923903,2020.23304513244,2031.84861719994,1023,2022-01-20
"Reference: Age and week, Report: Day of week",2022-01-20,2022-01-05,00+,DE,968,FALSE,1,1038.432,1038,11.8107630177534,11.8608,1016.975,1020,1029,1030,1038,1046,1048,1054,1059,1064,0.999818403312542,2207.21976242693,2066.4423498146,1024,2022-01-20
"Reference: Age and week by age, Report: Day of week",2022-01-20,2022-01-05,00+,DE,968,FALSE,1,1043.18,1043,26.2741844094768,11.8608,1021,1024,1034,1035,1043,1052,1054,1059,1064,1068,1.01526491721922,1130.152431779,448.865321798027,1028,2022-01-20
"Independent by age, Reference: Week, Report: Day of week",2022-01-20,2022-01-05,00+,DE,968,FALSE,1,1036.3085,1035.5,11.6966975731212,11.1195,1015,1019,1026,1028,1035.5,1044,1046,1052,1057,1061,1.00128529739762,1900.78610297219,1788.7411216684,1022,2022-01-20
"Independent by age, Reference: Week and day of week, Report: Day of week",2022-01-20,2022-01-05,00+,DE,968,FALSE,1,1038.214,1037,12.4020606979154,11.8608,1016,1019,1028,1030,1037,1046,1049,1055,1060,1064,0.999874254508772,2080.67028526393,1692.51566584719,1022,2022-01-20
"Reference: Fixed, Report: Fixed",2022-01-20,2022-01-06,00+,DE,831,FALSE,1,931.4625,929,22.5768343767508,22.239,893,898,912,915,929,946,950,961,970.05,983,1.00072421462195,2394.39115160134,1875.17182598903,905,2022-01-20
"Reference: Fixed, Report: Day of week",2022-01-20,2022-01-06,00+,DE,831,FALSE,1,905.816,905,12.0738574207462,11.8608,884,887,896,897,905,913,916,922,927,931,0.999439874567051,2179.37262142575,1994.17165782863,891,2022-01-20
"Reference: Age, Report: Day of week",2022-01-20,2022-01-06,00+,DE,831,FALSE,1,904.27,904,12.1174467714172,11.8608,882,885,894,896,904,912,914,920,924,929,1.00030771189627,2254.32994885917,1926.58761029991,888,2022-01-20
"Reference: Age and week, Report: Day of week",2022-01-20,2022-01-06,00+,DE,831,FALSE,1,904.121,903,12.5517780639351,13.3434,881,884.95,894,895,903,913,915,921,925,931,1.0008617907955,2139.97725171143,2045.04611038836,888,2022-01-20
"Reference: Age and week by age, Report: Day of week",2022-01-20,2022-01-06,00+,DE,831,FALSE,1,910.4705,911,23.7946048792721,11.8608,887,892,900,903,911,919,921,927,932,935,1.02252453976025,132.670349804546,624.114033690292,895.9,2022-01-20
"Independent by age, Reference: Week, Report: Day of week",2022-01-20,2022-01-06,00+,DE,831,FALSE,1,903.1405,902,12.2721254182452,11.8608,881,884,893,895,902,911,913,919.1,924,929.025,1.00067830531477,1960.95940668711,2037.68053347506,888,2022-01-20
"Independent by age, Reference: Week and day of week, Report: Day of week",2022-01-20,2022-01-06,00+,DE,831,FALSE,1,900.538,900,11.8183075013344,11.8608,879,882,891,892,900,908,910,915,921,926,0.999836815904895,2152.87131117245,2030.69371264812,886,2022-01-20
"Reference: Fixed, Report: Fixed",2022-01-20,2022-01-07,00+,DE,632,FALSE,1,726.488,725,21.0703069488192,20.7564,691,695.95,709,712,725,739,743,753.1,762.05,775,1.00027260679606,2444.83414286691,1979.96006896619,701,2022-01-20
"Reference: Fixed, Report: Day of week",2022-01-20,2022-01-07,00+,DE,632,FALSE,1,704.388,704,12.1041609108471,11.8608,682,685,694,696,704,712,714,720.1,726,730.025,1.0006836218142,2421.50626776261,1759.34302939522,689,2022-01-20
"Reference: Age, Report: Day of week",2022-01-20,2022-01-07,00+,DE,632,FALSE,1,702.5495,702,11.7706764530371,11.8608,681,684,692,694,702,710,712,718,722.05,726,1.00101067503059,2176.47124017054,1885.82916355408,688,2022-01-20
"Reference: Age and week, Report: Day of week",2022-01-20,2022-01-07,00+,DE,632,FALSE,1,702.0165,702,11.7860800774386,11.8608,680,684,692,694,702,709,712,717,723,726,0.999429047376036,1895.53608437047,1773.7252167064,688,2022-01-20
"Reference: Age and week by age, Report: Day of week",2022-01-20,2022-01-07,00+,DE,632,FALSE,1,711.0315,711,20.6430030406738,13.3434,687,690,700,703,711,720,722,728,733,738,1.09112392924746,14.8410943583213,55.8953645500106,695,2022-01-20
"Independent by age, Reference: Week, Report: Day of week",2022-01-20,2022-01-07,00+,DE,632,FALSE,1,701.54,701,12.0371860051867,11.8608,680,683,691,693,701,709,712,718,723,727.025,0.999811747933643,1984.03496355024,1848.88896433363,687,2022-01-20
"Independent by age, Reference: Week and day of week, Report: Day of week",2022-01-20,2022-01-07,00+,DE,632,FALSE,1,701.8245,701,11.7715752872065,10.3782,680,684,692,694,701,709,711,717,722,727,1.0011234421358,2065.40987964322,1983.08894836767,687,2022-01-20
"Reference: Fixed, Report: Fixed",2022-01-20,2022-01-08,00+,DE,651,FALSE,1,746.996,746,21.4681723770936,22.239,710.975,715,728,731,746,760,765,776,785,792,1.00044882426263,2273.75809220281,1989.84909462145,721,2022-01-20
"Reference: Fixed, Report: Day of week",2022-01-20,2022-01-08,00+,DE,651,FALSE,1,734.844,734,13.2670520966667,13.3434,710.975,715,723.8,725,734,744,746,752,758,762.025,0.999900652542148,1861.71157376058,1862.23272347494,719,2022-01-20
"Reference: Age, Report: Day of week",2022-01-20,2022-01-08,00+,DE,651,FALSE,1,733.5235,733,13.456336211693,13.3434,709,713,722,724,733,742,744,751,756,762,1.00186896784762,2509.41635346069,1920.02973248569,717,2022-01-20
"Reference: Age and week, Report: Day of week",2022-01-20,2022-01-08,00+,DE,651,FALSE,1,733.474,733,13.1375272144592,13.3434,709,713,722,724,733,742,745,751,756,760,1.00041087934726,1957.32318943903,1938.96593068826,717,2022-01-20
"Reference: Age and week by age, Report: Day of week",2022-01-20,2022-01-08,00+,DE,651,FALSE,1,732.6335,732.5,21.1153523959086,12.6021,708,711,722,724,732.5,741,744,750,756,761.025,1.02254660054986,1812.16788756511,1884.3781419644,716.9,2022-01-20
"Independent by age, Reference: Week, Report: Day of week",2022-01-20,2022-01-08,00+,DE,651,FALSE,1,728.474,728,13.7825724613305,13.3434,703.975,707,717,719,728,737,739,746,752,757,1.00231831730187,2030.50679910832,1849.01667341052,711,2022-01-20
"Independent by age, Reference: Week and day of week, Report: Day of week",2022-01-20,2022-01-08,00+,DE,651,FALSE,1,728.0395,727,13.2942584751539,13.3434,704,708,717,719,727,737,739,745.1,751.05,756.025,1.00042550430417,1779.06269172433,1754.0476209826,711,2022-01-20
"Reference: Fixed, Report: Fixed",2022-01-20,2022-01-09,00+,DE,384,FALSE,1,453.1045,452,16.6078442308145,16.3086,426,429,439,441,452,463,466,475,484,490,1.0008832480015,2490.11940287977,1730.38049825086,433,2022-01-20
"Reference: Fixed, Report: Day of week",2022-01-20,2022-01-09,00+,DE,384,FALSE,1,448.8825,449,11.3475141237363,11.8608,428,431,439,441,449,456,458,464,468,472,1.00002161956257,2331.17072332066,2124.56234744009,434,2022-01-20
"Reference: Age, Report: Day of week",2022-01-20,2022-01-09,00+,DE,384,FALSE,1,447.422,447,11.1432491671415,10.3782,427,430,438,439,447,454,457,462,467,471,1.001709735912,2178.46443083942,2065.09176224185,434,2022-01-20
"Reference: Age and week, Report: Day of week",2022-01-20,2022-01-09,00+,DE,384,FALSE,1,446.9025,446,11.1546047152365,10.3782,427,430,438,439,446,454,456,462,466,471,0.999947939545321,2191.44308582015,1806.27950873216,433,2022-01-20
"Reference: Age and week by age, Report: Day of week",2022-01-20,2022-01-09,00+,DE,384,FALSE,1,446.0965,447,17.6698981434586,14.826,418,421.95,433,436,447,457,459,465,469,473.025,1.35660639095905,4.71205151263963,95.711270712628,426,2022-01-20
"Independent by age, Reference: Week, Report: Day of week",2022-01-20,2022-01-09,00+,DE,384,FALSE,1,443.3875,443,11.0863338010622,11.8608,424,426,434,436,443,451,453,458,463,466,1.00134731531359,2220.63971420357,2098.45243451213,430,2022-01-20
"Independent by age, Reference: Week and day of week, Report: Day of week",2022-01-20,2022-01-09,00+,DE,384,FALSE,1,439.6745,439,11.1864256046739,11.8608,420,422,430,432,439,447,449,455,459,463,1.0000184542486,1769.64467903038,1765.26304299607,426,2022-01-20
"Reference: Fixed, Report: Fixed",2022-01-20,2022-01-10,00+,DE,261,FALSE,1,322.2775,320,15.7519381514709,14.826,295,299,309,312,320,331,334,343,352,359,1.00076105047048,2296.30795760831,1996.48489104416,304,2022-01-20
"Reference: Fixed, Report: Day of week",2022-01-20,2022-01-10,00+,DE,261,FALSE,1,309.4835,309,9.53845998363623,8.8956,292,294,301,303,309,316,318,322,326,329,1.00095919193191,2007.34705570208,1895.9475930356,297,2022-01-20
"Reference: Age, Report: Day of week",2022-01-20,2022-01-10,00+,DE,261,FALSE,1,307.5385,307,9.28049468189979,8.8956,290,293,300,301,307,314,315,319,323,326,0.999419634498762,2258.08018403608,1994.92127281948,296,2022-01-20
"Reference: Age and week, Report: Day of week",2022-01-20,2022-01-10,00+,DE,261,FALSE,1,307.802,307.5,9.36918816351885,9.6369,291,293,300,301,307.5,314,315,320,324,327,1.00165852943409,2095.40302415087,1927.8790638738,296,2022-01-20
"Reference: Age and week by age, Report: Day of week",2022-01-20,2022-01-10,00+,DE,261,FALSE,1,300.445,300,10.7438675692309,7.413,286,288,294,295,300,306,307,311,315,319,1.02880315648609,776.429934174527,1328.53975152531,290,2022-01-20
"Independent by age, Reference: Week, Report: Day of week",2022-01-20,2022-01-10,00+,DE,261,FALSE,1,305.122,305,9.21083795145067,8.8956,289,291,297,298,305,311,313,317,321,324,1.00180117120412,1799.80900748294,1327.2771781918,294,2022-01-20
"Independent by age, Reference: Week and day of week, Report: Day of week",2022-01-20,2022-01-10,00+,DE,261,FALSE,1,305.205,305,9.06206574229954,8.8956,289,291,298,299,305,311,313,317,321,325,1.0000500444513,2199.77791069926,2035.82319895202,294,2022-01-20
"Reference: Fixed, Report: Fixed",2022-01-20,2022-01-11,00+,DE,719,FALSE,1,846.8675,845,28.4526751134328,28.1694,798,804,823,827,845,864,870,884,897,908,0.999454427077253,2234.94058041108,1978.55730536749,813,2022-01-20
"Reference: Fixed, Report: Day of week",2022-01-20,2022-01-11,00+,DE,719,FALSE,1,821.145,821,15.6371108142556,16.3086,792,797,808,810,821,831,834,841,848,853.025,1.00002967848011,2246.60765527807,2039.19117163503,802,2022-01-20
"Reference: Age, Report: Day of week",2022-01-20,2022-01-11,00+,DE,719,FALSE,1,818.6285,818,16.5090206139194,16.3086,790,794,805,807,818,829,832,840,847,854,1.00036771361999,2422.96820189523,2025.33909989008,799,2022-01-20
"Reference: Age and week, Report: Day of week",2022-01-20,2022-01-11,00+,DE,719,FALSE,1,818.225,818,16.3590398279375,16.3086,789,793,804,807,818,829,832,839,847,852,0.99944551655271,2208.74206431737,1950.88080616637,798,2022-01-20
"Reference: Age and week by age, Report: Day of week",2022-01-20,2022-01-11,00+,DE,719,FALSE,1,802.426,801,23.1767578632674,13.3434,778,782,791,793,801,811,814,822,831,838,1.08657224737755,15.3850327253102,61.0611591507336,785.9,2022-01-20
"Independent by age, Reference: Week, Report: Day of week",2022-01-20,2022-01-11,00+,DE,719,FALSE,1,813.0005,811,16.4329401054788,16.3086,784,788,799,801,811,823,826,835,842,848,1.00171959877473,2048.56215633366,2098.36726989251,793,2022-01-20
"Independent by age, Reference: Week and day of week, Report: Day of week",2022-01-20,2022-01-11,00+,DE,719,FALSE,1,815.107,814,16.4633554306532,16.3086,784,789,802,804,814,825,828,837,844,849,1.00033741549791,2307.99182893092,1820.06799609783,794,2022-01-20
"Reference: Fixed, Report: Fixed",2022-01-20,2022-01-12,00+,DE,699,FALSE,1,873.1965,870,39.2973030469444,38.5476,806.975,814,840,846,870,897,904.2,925,944,959.05,1.00081595411576,2388.78836655035,1970.94428230881,826,2022-01-20
"Reference: Fixed, Report: Day of week",2022-01-20,2022-01-12,00+,DE,699,FALSE,1,843.64,842,22.4318299185944,22.239,804,810,825,828,842,858,862,873,883,892,0.999989870714003,2472.53548135194,2005.67754185821,817,2022-01-20
"Reference: Age, Report: Day of week",2022-01-20,2022-01-12,00+,DE,699,FALSE,1,838.399,837,21.8396264538069,20.7564,800,805,820,823,837,852,856,867,879,885,0.99928820809667,1988.56289180162,1909.413920023,812,2022-01-20
"Reference: Age and week, Report: Day of week",2022-01-20,2022-01-12,00+,DE,699,FALSE,1,838.3945,838,21.7734450927179,20.7564,798,804,820,823.75,838,852,856,865,875,884,0.999874380296397,2000.78144195907,1964.6603834702,812,2022-01-20
"Reference: Age and week by age, Report: Day of week",2022-01-20,2022-01-12,00+,DE,699,FALSE,1,837.9205,838,28.1440086405825,20.7564,796,803,821,824,838,852,856,865,873,879,1.07579869466347,18.7540504351923,65.6006928626438,812,2022-01-20
"Independent by age, Reference: Week, Report: Day of week",2022-01-20,2022-01-12,00+,DE,699,FALSE,1,831.9985,831,21.5230369211493,22.239,794,799,813,817,831,846,850,861,869.05,878,0.999968363512768,1885.69039854393,1750.12320770611,805.9,2022-01-20
"Independent by age, Reference: Week and day of week, Report: Day of week",2022-01-20,2022-01-12,00+,DE,699,FALSE,1,842.6255,841,23.3854803263702,23.7216,800,807,823,827,841,858,862,874,882,891,1.00108505087136,2198.10272622293,1475.4362566461,813,2022-01-20
"Reference: Fixed, Report: Fixed",2022-01-20,2022-01-13,00+,DE,658,FALSE,1,856.0535,851,48.1786387143118,44.478,779,788,815,823,851,882,893,921,943,966,1.0004354027252,2256.31888577809,1600.55068719087,800.9,2022-01-20
"Reference: Fixed, Report: Day of week",2022-01-20,2022-01-13,00+,DE,658,FALSE,1,826.001,824,25.6881283664164,25.2042,782.975,788,805,808,824,842,846,859,871,882,1.00110247823174,1870.91759242737,1943.45570515984,795,2022-01-20
"Reference: Age, Report: Day of week",2022-01-20,2022-01-13,00+,DE,658,FALSE,1,821.2025,820,24.6407604851929,23.7216,776,783,800,804,820,837,841,854,866,872,1.00105426670608,2332.80758394022,2112.14467788826,790,2022-01-20
"Reference: Age and week, Report: Day of week",2022-01-20,2022-01-13,00+,DE,658,FALSE,1,819.13,817,25.5754599582498,25.2042,773,781,798,801,817,835,841,853,864,872.025,0.999644239087573,2025.62447141556,1668.16076135011,788,2022-01-20
"Reference: Age and week by age, Report: Day of week",2022-01-20,2022-01-13,00+,DE,658,FALSE,1,828.504,828,32.6368743415081,22.239,779,787.95,808,812,828,843,848,860,873,891,1.06663143508855,1023.4454640333,287.621414158875,797,2022-01-20
"Independent by age, Reference: Week, Report: Day of week",2022-01-20,2022-01-13,00+,DE,658,FALSE,1,812.739,812,24.7625214837891,25.2042,768.975,774.95,792,795,812,829,834,844,855,865,1.00071031825251,2364.78042170832,1936.43748621097,782,2022-01-20
"Independent by age, Reference: Week and day of week, Report: Day of week",2022-01-20,2022-01-13,00+,DE,658,FALSE,1,814.4835,814,25.926469459981,25.2042,766,774,792.8,796,814,831,835,848,859.05,868,1.00146440444386,2041.64579355443,1856.79240126894,782,2022-01-20
"Reference: Fixed, Report: Fixed",2022-01-20,2022-01-14,00+,DE,575,FALSE,1,796.2895,790,55.5420845064863,53.3736,707,717,749,757,790,829.25,840,869,898,928.025,1.00146435182231,2300.05590383237,2029.33772594488,731,2022-01-20
"Reference: Fixed, Report: Day of week",2022-01-20,2022-01-14,00+,DE,575,FALSE,1,767.1445,765,29.4404991677387,28.1694,717,724,742,747,765,785,791,805,818.05,831,1.00026615135197,1908.72524004638,2005.98232991641,732,2022-01-20
"Reference: Age, Report: Day of week",2022-01-20,2022-01-14,00+,DE,575,FALSE,1,760.951,760,29.2284578856837,28.1694,710,716,736,740,760,779,784,799,811,823,1.0005088219648,2168.78689411371,2020.16730632895,725,2022-01-20
"Reference: Age and week, Report: Day of week",2022-01-20,2022-01-14,00+,DE,575,FALSE,1,761.347,759,29.5792673595673,28.1694,709.975,717,736,741,759,780,785,800.1,814,824,1.00135272908516,2042.10477788553,1851.39232015814,725,2022-01-20
"Reference: Age and week by age, Report: Day of week",2022-01-20,2022-01-14,00+,DE,575,FALSE,1,747.3335,745,33.0503167831979,25.2042,700.975,709,725,729,745,762,767,784,802,816.025,1.06780088842571,26.2541053449508,88.3536466207844,716,2022-01-20
"Independent by age, Reference: Week, Report: Day of week",2022-01-20,2022-01-14,00+,DE,575,FALSE,1,750.743,749,28.3939088191291,28.1694,700,707,727,731,749,769,774,787,799,809.025,1.00016307537226,2481.54737785711,1661.62640307113,716,2022-01-20
"Independent by age, Reference: Week and day of week, Report: Day of week",2022-01-20,2022-01-14,00+,DE,575,FALSE,1,760.016,758,29.263457057557,30.3933,709,716,734.8,738,758,780,784,797.1,811,823.025,0.99963683095436,2344.34074986879,2036.56043400807,724,2022-01-20
"Reference: Fixed, Report: Fixed",2022-01-20,2022-01-15,00+,DE,548,FALSE,1,793.3805,785,62.7318369046429,57.8214,695,707,741,749,785,829,840.2,877,909,936,1.00083387170911,2637.42820442573,1967.923798945,722,2022-01-20
"Reference: Fixed, Report: Day of week",2022-01-20,2022-01-15,00+,DE,548,FALSE,1,791.614,788,38.1085309880482,38.5476,726.975,737,758,764,788,817,823,841.1,859.05,873,0.99944605207029,2244.61018392434,1717.98668051645,745,2022-01-20
"Reference: Age, Report: Day of week",2022-01-20,2022-01-15,00+,DE,548,FALSE,1,786.311,784,37.0936685854144,35.5824,720.975,728,756,761,784,810,816,835,852.05,866,1.00139521030245,2323.5794491278,1963.22729755458,740,2022-01-20
"Reference: Age and week, Report: Day of week",2022-01-20,2022-01-15,00+,DE,548,FALSE,1,786.958,784.5,37.431588236394,36.3237,721.975,729.95,755,761,784.5,810,817,837,853.05,868,1.00003376457344,2162.64597700017,1890.82065049599,739,2022-01-20
"Reference: Age and week by age, Report: Day of week",2022-01-20,2022-01-15,00+,DE,548,FALSE,1,787.8355,789,40.8729585315225,34.0998,714,728,759,764,789,811,816,834,846,862,1.06588958165591,77.0793868342716,80.4575410941656,743,2022-01-20
"Independent by age, Reference: Week, Report: Day of week",2022-01-20,2022-01-15,00+,DE,548,FALSE,1,771.6265,770,40.208958926326,38.5476,699,709.95,738,744,770,797,804,824,838,860.025,1.00019854781921,2162.02123681216,2002.42667175596,722.9,2022-01-20
"Independent by age, Reference: Week and day of week, Report: Day of week",2022-01-20,2022-01-15,00+,DE,548,FALSE,1,772.451,770,38.3112447557811,37.8063,704,714,740,746,770,797,804,822,840,854,0.999856744536624,2361.92510897236,2081.93157604017,726,2022-01-20
"Reference: Fixed, Report: Fixed",2022-01-20,2022-01-16,00+,DE,290,FALSE,1,495.535,487,59.6163637805528,56.3388,405,415,445,453,487,530,540,575,605.05,630,1.00079166466132,3002.55957073605,1639.58172334051,427,2022-01-20
"Reference: Fixed, Report: Day of week",2022-01-20,2022-01-16,00+,DE,290,FALSE,1,479.16,476,31.6918852041638,29.652,425,432,452.8,457,476,497,503,521,537,550.025,0.999630125928444,2239.99602659609,1932.70807202167,441,2022-01-20
"Reference: Age, Report: Day of week",2022-01-20,2022-01-16,00+,DE,290,FALSE,1,466.101,464,30.8669107960458,29.652,414,420,440,444.75,464,484,490,507,522,535,1.00077742085195,2025.28931719842,1908.04142064536,428.9,2022-01-20
"Reference: Age and week, Report: Day of week",2022-01-20,2022-01-16,00+,DE,290,FALSE,1,466.8535,464,32.1426136391517,31.1346,410,418,440,445,464,487,493,510,525,536.025,1.00066223077285,2285.56668653516,1802.07013101109,428,2022-01-20
"Reference: Age and week by age, Report: Day of week",2022-01-20,2022-01-16,00+,DE,290,FALSE,1,424.1745,412,42.0893431423333,32.6172,375.975,379,391,394,412,447,456,483,504.05,515,1.46723580182435,4.00702399390954,270.743571969756,384.9,2022-01-20
"Independent by age, Reference: Week, Report: Day of week",2022-01-20,2022-01-16,00+,DE,290,FALSE,1,460.1575,458,32.876817612387,32.6172,403.975,411,432,437,458,480,485,502,519.05,531.025,1.0011687676116,2658.89845720035,1834.31940895528,420,2022-01-20
"Independent by age, Reference: Week and day of week, Report: Day of week",2022-01-20,2022-01-16,00+,DE,290,FALSE,1,445.3025,444,29.0026303985521,28.1694,395,401,421,425,444,463,468,482,496,509,0.999901240988263,1910.31197553404,1816.22195660792,409,2022-01-20
"Reference: Fixed, Report: Fixed",2022-01-20,2022-01-17,00+,DE,197,FALSE,1,423.687,415,72.4476732799739,68.1996,316,327,363,371,415,464,479,516,557,596,1.00047056928287,2588.06843419345,1894.76723878726,342,2022-01-20
"Reference: Fixed, Report: Day of week",2022-01-20,2022-01-17,00+,DE,197,FALSE,1,355.398,354,29.8156013026825,29.652,304,311,329,334,354,375,379,395,409,419.025,1.00078616274063,2084.27804984232,1901.57305686749,318.9,2022-01-20
"Reference: Age, Report: Day of week",2022-01-20,2022-01-17,00+,DE,197,FALSE,1,343.4,340,30.411978630502,29.652,292,299,317,322,340,361,367,384,400,413.025,1.00107547200624,2382.21381339564,1592.73301534328,307,2022-01-20
"Reference: Age and week, Report: Day of week",2022-01-20,2022-01-17,00+,DE,197,FALSE,1,343.429,341,29.0330917955633,28.1694,292,300,319,323,341,360,366,382.1,395,405.025,1.00053608573149,2062.86187170036,1790.94592549144,309,2022-01-20
"Reference: Age and week by age, Report: Day of week",2022-01-20,2022-01-17,00+,DE,197,FALSE,1,350.03,357,35.9931500903535,31.1346,276,285,318,327,357,374,378,389,398,409.025,1.22528495640784,6.95085601603516,80.9534574039866,299,2022-01-20
"Independent by age, Reference: Week, Report: Day of week",2022-01-20,2022-01-17,00+,DE,197,FALSE,1,335.899,334,29.837911278686,29.652,285,292,310,315,334,354,360,376,389.05,402.025,1.00057501783349,2150.50081402502,1797.37888667124,300,2022-01-20
"Independent by age, Reference: Week and day of week, Report: Day of week",2022-01-20,2022-01-17,00+,DE,197,FALSE,1,320.0575,318,22.9755333195044,22.239,279.975,285,301,304,318,334,339,350,360,368.025,0.999965550645176,2368.58530352086,1762.25728217604,292,2022-01-20
"Reference: Fixed, Report: Fixed",2022-01-20,2022-01-18,00+,DE,568,FALSE,1,1038.392,1016,144.609495847073,131.9514,824,850.9,916,932.75,1016,1117.25,1147.2,1232,1299.1,1387.025,1.00003831404113,2611.65021480618,1558.50273126471,878,2022-01-20
"Reference: Fixed, Report: Day of week",2022-01-20,2022-01-18,00+,DE,568,FALSE,1,912.432,907,60.9246771361332,57.8214,811,823,861,868,907,947,957,995,1025,1052.025,1.00058474649272,2431.42705277275,1869.81230272404,841,2022-01-20
"Reference: Age, Report: Day of week",2022-01-20,2022-01-18,00+,DE,568,FALSE,1,894.2225,887,61.4484006848296,59.304,791,804,842,852,887,932,944,974,1004.05,1032.1,0.999566083845402,2359.23335651299,1809.63035185809,820,2022-01-20
"Reference: Age and week, Report: Day of week",2022-01-20,2022-01-18,00+,DE,568,FALSE,1,884.055,878,60.3487527707118,57.8214,783.95,797,831.8,841,878,920.25,934,966,993.05,1018.025,0.999879923044002,1946.50228754526,1869.38837130947,812,2022-01-20
"Reference: Age and week by age, Report: Day of week",2022-01-20,2022-01-18,00+,DE,568,FALSE,1,655.9935,631,63.3443344751924,29.652,601,604,614,616,631,677,690.2,736,784.05,788.75,1.49597992063344,3.77459692880565,253.629724259031,608,2022-01-20
"Independent by age, Reference: Week, Report: Day of week",2022-01-20,2022-01-18,00+,DE,568,FALSE,1,877.0675,872,61.3271428730908,60.7866,773,786,824,832,872,916,928.2,959,987.05,1012.025,1.00173279096447,2230.11281118726,1980.60981386038,802,2022-01-20
"Independent by age, Reference: Week and day of week, Report: Day of week",2022-01-20,2022-01-18,00+,DE,568,FALSE,1,889.68,886,62.176905550147,60.7866,780,795,836,847,886,929,939,972.1,1001,1022.05,0.999449414429921,2521.25936587073,1874.57986228385,812.9,2022-01-20
"Reference: Fixed, Report: Fixed",2022-01-20,2022-01-19,00+,DE,520,FALSE,1,1264.0215,1225.5,259.153958922032,236.4747,885.95,925,1048,1080,1225.5,1400,1453,1600.1,1719.05,1890.275,0.999847126599126,2787.79596874447,1959.40986669349,970.9,2022-01-20
"Reference: Fixed, Report: Day of week",2022-01-20,2022-01-19,00+,DE,520,FALSE,1,1067.911,1060,107.544265135254,105.2646,886.975,908.95,976,992,1060,1135,1155,1205,1258,1308.025,1.00012528020581,2595.02248132421,1932.11418711257,936,2022-01-20
"Reference: Age, Report: Day of week",2022-01-20,2022-01-19,00+,DE,520,FALSE,1,1034.699,1024,105.163249538642,97.8516,860,882,948,961.75,1024,1096,1115,1170,1226.1,1281.025,1.00009206155447,2557.17336603007,2018.68867145227,909,2022-01-20
"Reference: Age and week, Report: Day of week",2022-01-20,2022-01-19,00+,DE,520,FALSE,1,1025.318,1013.5,104.567346915854,100.0755,851,879,936,952,1013.5,1088,1107.2,1161.1,1215.15,1254.025,0.99971833932407,1989.68309833728,1929.63432428238,904,2022-01-20
"Reference: Age and week by age, Report: Day of week",2022-01-20,2022-01-19,00+,DE,520,FALSE,1,735.3105,711,86.7933501632832,53.3736,639,652,675,681,711,762,781,846,888.75,888.75,1.12731824016857,10.8517401971494,128.836298011914,661,2022-01-20
"Independent by age, Reference: Week, Report: Day of week",2022-01-20,2022-01-19,00+,DE,520,FALSE,1,1012.448,1004,103.626910425247,100.8168,837.975,859.95,924,938,1004,1075,1093,1150,1190.05,1243.1,1.00289318742235,2327.94010269677,1873.08616481801,891,2022-01-20
"Independent by age, Reference: Week and day of week, Report: Day of week",2022-01-20,2022-01-19,00+,DE,520,FALSE,1,1150.875,1135.5,136.544826411732,134.1753,921.975,952.95,1036.8,1052,1135.5,1233,1259.2,1331,1392,1453.05,1.00081867086417,2187.34233274364,1928.25773839123,989,2022-01-20
"Reference: Fixed, Report: Fixed",2022-01-20,2022-01-20,00+,DE,260,FALSE,1,1269.112,1166,464.132684725516,353.6001,678.975,735,917.8,959.75,1166,1465,1552,1874,2152.05,2428.525,0.999532895051782,2613.28123138769,2068.77773669085,808,2022-01-20
"Reference: Fixed, Report: Day of week",2022-01-20,2022-01-20,00+,DE,260,FALSE,1,944.2575,919,189.225181406675,166.0512,666.975,695.95,787.8,811,919,1040,1080,1190.1,1285,1388.075,1.00069140147366,3285.40235918451,1981.46291453157,732.9,2022-01-20
"Reference: Age, Report: Day of week",2022-01-20,2022-01-20,00+,DE,260,FALSE,1,896.5765,867,182.525091020868,161.6034,619.975,652,749.8,770.75,867,996.25,1034,1142.2,1246,1330.1,1.00199925436229,2772.30722679805,1665.81976732576,687,2022-01-20
"Reference: Age and week, Report: Day of week",2022-01-20,2022-01-20,00+,DE,260,FALSE,1,916.4115,889,190.287014117151,176.4294,627.975,663,757.8,779.75,889,1024,1063.2,1166,1271,1374.025,1.00065925601124,2442.09036016835,1765.65232239361,698,2022-01-20
"Reference: Age and week by age, Report: Day of week",2022-01-20,2022-01-20,00+,DE,260,FALSE,1,661.6055,608,182.642007548128,123.0558,450,467.95,527.8,542,608,731.25,760,760,760,760,1.30247347771336,5.23377920506671,90.6668052788082,495,2022-01-20
"Independent by age, Reference: Week, Report: Day of week",2022-01-20,2022-01-20,00+,DE,260,FALSE,1,871.017,843.5,181.035166685339,165.3099,599,624,721,742,843.5,972.25,1003,1099.1,1182,1279.2,1.0023518501144,2683.77595192297,1812.36846703059,671,2022-01-20
"Independent by age, Reference: Week and day of week, Report: Day of week",2022-01-20,2022-01-20,00+,DE,260,FALSE,1,1011.6435,981,213.8929767676,192.738,682.975,718.95,835,859,981,1126,1173,1291.1,1403,1525.125,1.00235178200898,2910.7741774726,1928.22622409931,779.9,2022-01-20
"Reference: Fixed, Report: Fixed",2022-01-20,2021-12-12,00-04,DE,14,FALSE,2,14,14,0,0,14,14,14,14,14,14,14,14,14,14,,,,14,2022-01-20
"Reference: Fixed, Report: Day of week",2022-01-20,2021-12-12,00-04,DE,14,FALSE,2,14,14,0,0,14,14,14,14,14,14,14,14,14,14,,,,14,2022-01-20
"Reference: Age, Report: Day of week",2022-01-20,2021-12-12,00-04,DE,14,FALSE,2,14,14,0,0,14,14,14,14,14,14,14,14,14,14,,,,14,2022-01-20
"Reference: Age and week, Report: Day of week",2022-01-20,2021-12-12,00-04,DE,14,FALSE,2,14,14,0,0,14,14,14,14,14,14,14,14,14,14,,,,14,2022-01-20
"Reference: Age and week by age, Report: Day of week",2022-01-20,2021-12-12,00-04,DE,14,FALSE,2,13.993,14,0.313049516849971,0,14,14,14,14,14,14,14,14,14,14,1,2008.04825741572,,14,2022-01-20
"Independent by age, Reference: Week, Report: Day of week",2022-01-20,2021-12-12,00-04,DE,14,FALSE,1,14,14,0,0,14,14,14,14,14,14,14,14,14,14,,,,14,2022-01-20
"Independent by age, Reference: Week and day of week, Report: Day of week",2022-01-20,2021-12-12,00-04,DE,14,FALSE,1,14,14,0,0,14,14,14,14,14,14,14,14,14,14,,,,14,2022-01-20
"Reference: Fixed, Report: Fixed",2022-01-20,2021-12-13,00-04,DE,18,FALSE,2,18.024,18,0.153087288364937,0,18,18,18,18,18,18,18,18,18,18,0.99917012281394,2112.18088979404,2112.18088979404,18,2022-01-20
"Reference: Fixed, Report: Day of week",2022-01-20,2021-12-13,00-04,DE,18,FALSE,2,18.0035,18,0.0590719455187798,0,18,18,18,18,18,18,18,18,18,18,0.999907355264415,2020.47570296015,2020.47570296015,18,2022-01-20
"Reference: Age, Report: Day of week",2022-01-20,2021-12-13,00-04,DE,18,FALSE,2,18.0045,18,0.0669476735629981,0,18,18,18,18,18,18,18,18,18,18,1.00089863361408,2022.56933319451,2022.56933319451,18,2022-01-20
"Reference: Age and week, Report: Day of week",2022-01-20,2021-12-13,00-04,DE,18,FALSE,2,18.0075,18,0.0862987470179517,0,18,18,18,18,18,18,18,18,18,18,0.999603794039664,2037.78345415028,2037.78345415028,18,2022-01-20
"Reference: Age and week by age, Report: Day of week",2022-01-20,2021-12-13,00-04,DE,18,FALSE,2,17.9955,18,0.408121344107066,0,18,18,18,18,18,18,18,18,18,18,1.00090117672037,2016.01867147237,2023.181214891,18,2022-01-20
"Independent by age, Reference: Week, Report: Day of week",2022-01-20,2021-12-13,00-04,DE,18,FALSE,1,18.008,18,0.0891065092178596,0,18,18,18,18,18,18,18,18,18,18,0.999503281427259,2040.10918579986,2040.10918579986,18,2022-01-20
"Independent by age, Reference: Week and day of week, Report: Day of week",2022-01-20,2021-12-13,00-04,DE,18,FALSE,1,18.014,18,0.1175198087674,0,18,18,18,18,18,18,18,18,18,18,1.00025549549767,2023.32209390731,2023.32209390731,18,2022-01-20
"Reference: Fixed, Report: Fixed",2022-01-20,2021-12-14,00-04,DE,24,FALSE,2,24.0585,24,0.249216380685944,0,24,24,24,24,24,24,24,24,25,25,0.999778191892628,1861.91089189341,1842.61675216851,24,2022-01-20
"Reference: Fixed, Report: Day of week",2022-01-20,2021-12-14,00-04,DE,24,FALSE,2,24.012,24,0.108912492237956,0,24,24,24,24,24,24,24,24,24,24,1.00091307775906,1990.34295625814,1990.34295625814,24,2022-01-20
"Reference: Age, Report: Day of week",2022-01-20,2021-12-14,00-04,DE,24,FALSE,2,24.013,24,0.11330233320349,0,24,24,24,24,24,24,24,24,24,24,1.0000907062687,1869.05656646805,1869.05656646805,24,2022-01-20
"Reference: Age and week, Report: Day of week",2022-01-20,2021-12-14,00-04,DE,24,FALSE,2,24.017,24,0.129303362987356,0,24,24,24,24,24,24,24,24,24,24,0.999677476842088,1936.60890870239,1936.60890870239,24,2022-01-20
"Reference: Age and week by age, Report: Day of week",2022-01-20,2021-12-14,00-04,DE,24,FALSE,2,24.0015,24,0.550135505614088,0,24,24,24,24,24,24,24,24,24,24,1.0009349109163,2005.0665391393,2012.32784508212,24,2022-01-20
"Independent by age, Reference: Week, Report: Day of week",2022-01-20,2021-12-14,00-04,DE,24,FALSE,1,24.014,24,0.1175198087674,0,24,24,24,24,24,24,24,24,24,24,0.999965369878226,2065.00908360893,2065.00908360893,24,2022-01-20
"Independent by age, Reference: Week and day of week, Report: Day of week",2022-01-20,2021-12-14,00-04,DE,24,FALSE,1,24.022,24,0.153387626234781,0,24,24,24,24,24,24,24,24,24,24,1.00012936113827,1998.27570596449,1994.58587139161,24,2022-01-20
"Reference: Fixed, Report: Fixed",2022-01-20,2021-12-15,00-04,DE,29,FALSE,2,29.0945,29,0.310834455988256,0,29,29,29,29,29,29,29,29,30,30,1.00164953410413,2003.10021601323,2026.24892583709,29,2022-01-20
"Reference: Fixed, Report: Day of week",2022-01-20,2021-12-15,00-04,DE,29,FALSE,2,29.024,29,0.159488928641394,0,29,29,29,29,29,29,29,29,29,29,1.00182302351149,1847.72896561786,1921.46949943148,29,2022-01-20
"Reference: Age, Report: Day of week",2022-01-20,2021-12-15,00-04,DE,29,FALSE,2,29.0215,29,0.145080233447112,0,29,29,29,29,29,29,29,29,29,29,1.00041817896944,2097.73248011818,2097.73248011818,29,2022-01-20
"Reference: Age and week, Report: Day of week",2022-01-20,2021-12-15,00-04,DE,29,FALSE,2,29.027,29,0.168181873492019,0,29,29,29,29,29,29,29,29,29,30,1.00085467333091,1872.09109833555,1847.47722604389,29,2022-01-20
"Reference: Age and week by age, Report: Day of week",2022-01-20,2021-12-15,00-04,DE,29,FALSE,2,29.012,29,0.669387809883038,0,29,29,29,29,29,29,29,29,29,30,1.00017873863959,2027.24527231632,2032.42467478039,29,2022-01-20
"Independent by age, Reference: Week, Report: Day of week",2022-01-20,2021-12-15,00-04,DE,29,FALSE,1,29.035,29,0.186527199620053,0,29,29,29,29,29,29,29,29,29,30,0.999969792944309,2022.65656474514,2014.1123217811,29,2022-01-20
"Independent by age, Reference: Week and day of week, Report: Day of week",2022-01-20,2021-12-15,00-04,DE,29,FALSE,1,29.0275,29,0.169582219187426,0,29,29,29,29,29,29,29,29,29,30,0.999415826637403,1898.58029594051,1889.26507697616,29,2022-01-20
"Reference: Fixed, Report: Fixed",2022-01-20,2021-12-16,00-04,DE,15,FALSE,2,15.1065,15,0.330472928056277,0,15,15,15,15,15,15,15,15,16,16,0.999897593643895,2003.0371329398,2009.51130621588,15,2022-01-20
"Reference: Fixed, Report: Day of week",2022-01-20,2021-12-16,00-04,DE,15,FALSE,2,15.046,15,0.216581286649755,0,15,15,15,15,15,15,15,15,15,16,0.999444697495079,1901.79228741489,1925.6937317384,15,2022-01-20
"Reference: Age, Report: Day of week",2022-01-20,2021-12-16,00-04,DE,15,FALSE,2,15.039,15,0.198742922829185,0,15,15,15,15,15,15,15,15,15,16,1.00103222355359,1830.83452953055,1892.72936012739,15,2022-01-20
"Reference: Age and week, Report: Day of week",2022-01-20,2021-12-16,00-04,DE,15,FALSE,2,15.0355,15,0.190415017631146,0,15,15,15,15,15,15,15,15,15,16,0.999558950089556,2093.78363470751,2079.28800839104,15,2022-01-20
"Reference: Age and week by age, Report: Day of week",2022-01-20,2021-12-16,00-04,DE,15,FALSE,2,15.024,15,0.380126621172554,0,15,15,15,15,15,15,15,15,15,16,1.00007805066159,1938.17691533151,1937.01815171556,15,2022-01-20
"Independent by age, Reference: Week, Report: Day of week",2022-01-20,2021-12-16,00-04,DE,15,FALSE,1,15.0405,15,0.199698998106957,0,15,15,15,15,15,15,15,15,15,16,0.999016676728087,2074.85086323306,2073.37539866773,15,2022-01-20
"Independent by age, Reference: Week and day of week, Report: Day of week",2022-01-20,2021-12-16,00-04,DE,15,FALSE,1,15.04,15,0.205964100282798,0,15,15,15,15,15,15,15,15,15,16,0.99960675359366,1956.396355054,1945.50000623036,15,2022-01-20
"Reference: Fixed, Report: Fixed",2022-01-20,2021-12-17,00-04,DE,24,FALSE,2,24.1535,24,0.396252770500175,0,24,24,24,24,24,24,24,25,25,25,1.00050778805076,2020.96148596297,2029.47317530175,24,2022-01-20
"Reference: Fixed, Report: Day of week",2022-01-20,2021-12-17,00-04,DE,24,FALSE,2,24.0615,24,0.240305271085875,0,24,24,24,24,24,24,24,24,25,25,0.999724091096217,2003.52295386898,,24,2022-01-20
"Reference: Age, Report: Day of week",2022-01-20,2021-12-17,00-04,DE,24,FALSE,2,24.064,24,0.246849077846398,0,24,24,24,24,24,24,24,24,25,25,1.00017789660227,1931.32987507971,1919.15673769586,24,2022-01-20
"Reference: Age and week, Report: Day of week",2022-01-20,2021-12-17,00-04,DE,24,FALSE,2,24.051,24,0.222314443651167,0,24,24,24,24,24,24,24,24,25,25,0.999443949262217,2066.49322906243,2008.04825741572,24,2022-01-20
"Reference: Age and week by age, Report: Day of week",2022-01-20,2021-12-17,00-04,DE,24,FALSE,2,24.0385,24,0.583256242077152,0,24,24,24,24,24,24,24,24,24,25,1.00137409514486,1798.37526659401,1820.09523816917,24,2022-01-20
"Independent by age, Reference: Week, Report: Day of week",2022-01-20,2021-12-17,00-04,DE,24,FALSE,1,24.0475,24,0.23080378071556,0,24,24,24,24,24,24,24,24,24,25,1.00145059149657,1867.79498042878,1864.97409314309,24,2022-01-20
"Independent by age, Reference: Week and day of week, Report: Day of week",2022-01-20,2021-12-17,00-04,DE,24,FALSE,1,24.059,24,0.246067622082465,0,24,24,24,24,24,24,24,24,25,25,0.999230987087689,1977.98812760698,1985.19545902335,24,2022-01-20
"Reference: Fixed, Report: Fixed",2022-01-20,2021-12-18,00-04,DE,14,FALSE,2,14.1625,14,0.412527380206102,0,14,14,14,14,14,14,14,15,15,15,0.999784078337365,1908.84020851986,1870.57416779999,14,2022-01-20
"Reference: Fixed, Report: Day of week",2022-01-20,2021-12-18,00-04,DE,14,FALSE,2,14.076,14,0.272508955018514,0,14,14,14,14,14,14,14,14,15,15,1.00056205441971,1961.93845410646,1975.77505545767,14,2022-01-20
"Reference: Age, Report: Day of week",2022-01-20,2021-12-18,00-04,DE,14,FALSE,2,14.0665,14,0.255167210183002,0,14,14,14,14,14,14,14,14,15,15,0.999877131117234,1789.77507412461,1744.26230139576,14,2022-01-20
"Reference: Age and week, Report: Day of week",2022-01-20,2021-12-18,00-04,DE,14,FALSE,2,14.071,14,0.266447925960448,0,14,14,14,14,14,14,14,14,15,15,1.00044067195981,1990.95865383184,2016.52343066932,14,2022-01-20
"Reference: Age and week by age, Report: Day of week",2022-01-20,2021-12-18,00-04,DE,14,FALSE,2,14.0705,14,0.419067487141856,0,14,14,14,14,14,14,14,14,15,15,0.999764563068734,2069.83307191011,2014.99970588015,14,2022-01-20
"Independent by age, Reference: Week, Report: Day of week",2022-01-20,2021-12-18,00-04,DE,14,FALSE,1,14.0625,14,0.248242950113675,0,14,14,14,14,14,14,14,14,15,15,0.999422840869191,2006.46180004289,2013.45709777229,14,2022-01-20
"Independent by age, Reference: Week and day of week, Report: Day of week",2022-01-20,2021-12-18,00-04,DE,14,FALSE,1,14.065,14,0.254572983055647,0,14,14,14,14,14,14,14,14,15,15,0.999695555479429,1605.76021383752,1552.53896934678,14,2022-01-20
"Reference: Fixed, Report: Fixed",2022-01-20,2021-12-19,00-04,DE,12,FALSE,2,12.1715,12,0.416142207867196,0,12,12,12,12,12,12,12,13,13,13,0.999168605878406,2037.28694145605,1994.0243529715,12,2022-01-20
"Reference: Fixed, Report: Day of week",2022-01-20,2021-12-19,00-04,DE,12,FALSE,2,12.0775,12,0.280237428813951,0,12,12,12,12,12,12,12,12,13,13,0.99925169976173,2003.51618106367,2010.73325242085,12,2022-01-20
"Reference: Age, Report: Day of week",2022-01-20,2021-12-19,00-04,DE,12,FALSE,2,12.075,12,0.276429388096312,0,12,12,12,12,12,12,12,12,13,13,1.00012642250229,1804.59053512782,1864.08782222939,12,2022-01-20
"Reference: Age and week, Report: Day of week",2022-01-20,2021-12-19,00-04,DE,12,FALSE,2,12.0985,12,0.319137391004515,0,12,12,12,12,12,12,12,12,13,13,0.999934365870253,1935.80553373529,1935.92282941396,12,2022-01-20
"Reference: Age and week by age, Report: Day of week",2022-01-20,2021-12-19,00-04,DE,12,FALSE,2,12.0955,12,0.415290239460905,0,12,12,12,12,12,12,12,12,13,13,0.99942128001862,2086.36325423618,2023.71709752632,12,2022-01-20
"Independent by age, Reference: Week, Report: Day of week",2022-01-20,2021-12-19,00-04,DE,12,FALSE,1,12.086,12,0.299414135291249,0,12,12,12,12,12,12,12,12,13,13,1.00019494664512,1980.33693721405,1950.60648687247,12,2022-01-20
"Independent by age, Reference: Week and day of week, Report: Day of week",2022-01-20,2021-12-19,00-04,DE,12,FALSE,1,12.0765,12,0.278723148117713,0,12,12,12,12,12,12,12,12,13,13,0.999818117753994,2023.51949880289,2019.69223295819,12,2022-01-20
"Reference: Fixed, Report: Fixed",2022-01-20,2021-12-20,00-04,DE,7,FALSE,2,7.198,7,0.444853849566053,0,7,7,7,7,7,7,7,8,8,8,0.999500729789041,1746.4781938903,1815.356700019,7,2022-01-20
"Reference: Fixed, Report: Day of week",2022-01-20,2021-12-20,00-04,DE,7,FALSE,2,7.0925,7,0.306579101330613,0,7,7,7,7,7,7,7,7,8,8,1.00048347217582,2001.21994778376,1988.12405588198,7,2022-01-20
"Reference: Age, Report: Day of week",2022-01-20,2021-12-20,00-04,DE,7,FALSE,2,7.096,7,0.311179074180935,0,7,7,7,7,7,7,7,7,8,8,1.00077709790874,2018.6705449161,1970.96523703654,7,2022-01-20
"Reference: Age and week, Report: Day of week",2022-01-20,2021-12-20,00-04,DE,7,FALSE,2,7.0885,7,0.306128416360932,0,7,7,7,7,7,7,7,7,8,8,0.999663869167957,2029.33112723929,2033.81169246997,7,2022-01-20
"Reference: Age and week by age, Report: Day of week",2022-01-20,2021-12-20,00-04,DE,7,FALSE,2,7.1095,7,0.369564661486336,0,7,7,7,7,7,7,7,8,8,8,1.00196311005877,2021.25512947152,2017.41806409926,7,2022-01-20
"Independent by age, Reference: Week, Report: Day of week",2022-01-20,2021-12-20,00-04,DE,7,FALSE,1,7.084,7,0.288072027011255,0,7,7,7,7,7,7,7,7,8,8,1.00032155122322,1779.52818514067,1747.67100573085,7,2022-01-20
"Independent by age, Reference: Week and day of week, Report: Day of week",2022-01-20,2021-12-20,00-04,DE,7,FALSE,1,7.0975,7,0.32410842805544,0,7,7,7,7,7,7,7,7,8,8,0.999505211595014,1995.73006537768,1990.82669654787,7,2022-01-20
"Reference: Fixed, Report: Fixed",2022-01-20,2021-12-21,00-04,DE,25,FALSE,2,25.2605,25,0.521321050619395,0,25,25,25,25,25,25,26,26,26,27,1.00015637341151,1881.8087345004,1860.64190713712,25,2022-01-20
"Reference: Fixed, Report: Day of week",2022-01-20,2021-12-21,00-04,DE,25,FALSE,2,25.126,25,0.359428149004983,0,25,25,25,25,25,25,25,26,26,26,0.999326243786934,1768.35561273067,1741.84854215762,25,2022-01-20
"Reference: Age, Report: Day of week",2022-01-20,2021-12-21,00-04,DE,25,FALSE,2,25.1315,25,0.359544692900753,0,25,25,25,25,25,25,25,26,26,26,1.00016551698466,1966.00986516415,1963.84297751277,25,2022-01-20
"Reference: Age and week, Report: Day of week",2022-01-20,2021-12-21,00-04,DE,25,FALSE,2,25.1375,25,0.372374920665679,0,25,25,25,25,25,25,25,26,26,26,0.999930330556972,2165.60723826544,2042.42704564036,25,2022-01-20
"Reference: Age and week by age, Report: Day of week",2022-01-20,2021-12-21,00-04,DE,25,FALSE,2,25.1315,25,0.6756004499584,0,25,25,25,25,25,25,25,26,26,26,0.999123272423864,1914.23347547384,1902.16758550516,25,2022-01-20
"Independent by age, Reference: Week, Report: Day of week",2022-01-20,2021-12-21,00-04,DE,25,FALSE,1,25.116,25,0.347281301182594,0,25,25,25,25,25,25,25,26,26,26,1.00009039792009,1998.04927907401,1875.47898931323,25,2022-01-20
"Independent by age, Reference: Week and day of week, Report: Day of week",2022-01-20,2021-12-21,00-04,DE,25,FALSE,1,25.1185,25,0.344262993225023,0,25,25,25,25,25,25,25,26,26,26,0.999746244969015,1802.61406580984,1803.95556784186,25,2022-01-20
"Reference: Fixed, Report: Fixed",2022-01-20,2021-12-22,00-04,DE,21,FALSE,2,21.33,21,0.572943393422102,0,21,21,21,21,21,22,22,22,22,23,0.999201836170995,1904.47716681454,1925.11205279562,21,2022-01-20
"Reference: Fixed, Report: Day of week",2022-01-20,2021-12-22,00-04,DE,21,FALSE,2,21.1625,21,0.403949672197954,0,21,21,21,21,21,21,21,22,22,22,1.00005585935193,1929.81732096208,2008.0761377685,21,2022-01-20
"Reference: Age, Report: Day of week",2022-01-20,2021-12-22,00-04,DE,21,FALSE,2,21.156,21,0.404655251957105,0,21,21,21,21,21,21,21,22,22,22,1.00060991044304,1909.3538938744,1890.62018737397,21,2022-01-20
"Reference: Age and week, Report: Day of week",2022-01-20,2021-12-22,00-04,DE,21,FALSE,2,21.159,21,0.39216820109358,0,21,21,21,21,21,21,21,22,22,22,0.999843806896548,1878.43011131944,1842.86444870167,21,2022-01-20
"Reference: Age and week by age, Report: Day of week",2022-01-20,2021-12-22,00-04,DE,21,FALSE,2,21.189,21,0.643028570804934,0,21,21,21,21,21,21,21,22,22,22,1.0002890944685,2014.965248305,1953.31970520483,21,2022-01-20
"Independent by age, Reference: Week, Report: Day of week",2022-01-20,2021-12-22,00-04,DE,21,FALSE,1,21.1325,21,0.375518650839827,0,21,21,21,21,21,21,21,22,22,22,1.00103368303876,1795.09038294734,1869.60795889708,21,2022-01-20
"Independent by age, Reference: Week and day of week, Report: Day of week",2022-01-20,2021-12-22,00-04,DE,21,FALSE,1,21.133,21,0.377335647793245,0,21,21,21,21,21,21,21,22,22,22,0.999939330286302,1929.51596862008,1867.15982010554,21,2022-01-20
"Reference: Fixed, Report: Fixed",2022-01-20,2021-12-23,00-04,DE,15,FALSE,2,15.309,15,0.572435884113418,0,15,15,15,15,15,16,16,16,16,17,1.00071179189136,2115.50769474901,1965.43902865587,15,2022-01-20
"Reference: Fixed, Report: Day of week",2022-01-20,2021-12-23,00-04,DE,15,FALSE,2,15.193,15,0.443677162712209,0,15,15,15,15,15,15,15,16,16,16,1.00070040313296,2012.5345777153,1961.92233200183,15,2022-01-20
"Reference: Age, Report: Day of week",2022-01-20,2021-12-23,00-04,DE,15,FALSE,2,15.178,15,0.423563103741846,0,15,15,15,15,15,15,15,16,16,16,0.999184377008356,1800.37601837477,1856.47761047461,15,2022-01-20
"Reference: Age and week, Report: Day of week",2022-01-20,2021-12-23,00-04,DE,15,FALSE,2,15.1695,15,0.418159274187832,0,15,15,15,15,15,15,15,16,16,16,1.00001059977132,2085.0123919744,1943.30196104588,15,2022-01-20
"Reference: Age and week by age, Report: Day of week",2022-01-20,2021-12-23,00-04,DE,15,FALSE,2,15.1425,15,0.512176641849497,0,15,15,15,15,15,15,15,16,16,16,1.00228838957706,2087.59975307295,1907.60339374458,15,2022-01-20
"Independent by age, Reference: Week, Report: Day of week",2022-01-20,2021-12-23,00-04,DE,15,FALSE,1,15.1345,15,0.380107867579057,0,15,15,15,15,15,15,15,16,16,16,0.999452233392637,2053.45817842326,1845.63455078294,15,2022-01-20
"Independent by age, Reference: Week and day of week, Report: Day of week",2022-01-20,2021-12-23,00-04,DE,15,FALSE,1,15.1535,15,0.397513217867267,0,15,15,15,15,15,15,15,16,16,16,1.00004511766789,1829.97197356853,1834.95660510103,15,2022-01-20
"Reference: Fixed, Report: Fixed",2022-01-20,2021-12-24,00-04,DE,11,FALSE,2,11.328,11,0.562649346523722,0,11,11,11,11,11,12,12,12,12,13,0.999382941411392,1589.09970062531,1647.98981922578,11,2022-01-20
"Reference: Fixed, Report: Day of week",2022-01-20,2021-12-24,00-04,DE,11,FALSE,2,11.22,11,0.461200989999575,0,11,11,11,11,11,11,12,12,12,12,0.999631677491931,1913.26283865982,1919.55903126969,11,2022-01-20
"Reference: Age, Report: Day of week",2022-01-20,2021-12-24,00-04,DE,11,FALSE,2,11.193,11,0.445926479604661,0,11,11,11,11,11,11,11,12,12,12,0.999360891006808,1852.2606301053,1866.88570004692,11,2022-01-20
"Reference: Age and week, Report: Day of week",2022-01-20,2021-12-24,00-04,DE,11,FALSE,2,11.2005,11,0.456512816880302,0,11,11,11,11,11,11,11,12,12,12,1.00006370883326,1953.62147091032,1888.98599756461,11,2022-01-20
"Reference: Age and week by age, Report: Day of week",2022-01-20,2021-12-24,00-04,DE,11,FALSE,2,11.184,11,0.494232873316348,0,11,11,11,11,11,11,11,12,12,12,0.999861195042261,1976.60654350293,1923.32342814337,11,2022-01-20
"Independent by age, Reference: Week, Report: Day of week",2022-01-20,2021-12-24,00-04,DE,11,FALSE,1,11.1315,11,0.369155641896439,0,11,11,11,11,11,11,11,12,12,12,1.00012989350082,1770.48424284915,1780.08367379391,11,2022-01-20
"Independent by age, Reference: Week and day of week, Report: Day of week",2022-01-20,2021-12-24,00-04,DE,11,FALSE,1,11.132,11,0.360056690550537,0,11,11,11,11,11,11,11,12,12,12,1.00072054144181,1770.21734911592,1913.30587556582,11,2022-01-20
"Reference: Fixed, Report: Fixed",2022-01-20,2021-12-25,00-04,DE,9,FALSE,2,9.3325,9,0.581474682512662,0,9,9,9,9,9,10,10,10,10,11,0.99965682272039,1969.6286239019,1917.66944231566,9,2022-01-20
"Reference: Fixed, Report: Day of week",2022-01-20,2021-12-25,00-04,DE,9,FALSE,2,9.2725,9,0.524767987514826,0,9,9,9,9,9,9,10,10,10,11,0.99985016047721,1963.76742392201,1772.14256258956,9,2022-01-20
"Reference: Age, Report: Day of week",2022-01-20,2021-12-25,00-04,DE,9,FALSE,2,9.2285,9,0.474763572976184,0,9,9,9,9,9,9,10,10,10,10,0.999746211336233,2133.81482713213,2094.36780437694,9,2022-01-20
"Reference: Age and week, Report: Day of week",2022-01-20,2021-12-25,00-04,DE,9,FALSE,2,9.2385,9,0.484494703334081,0,9,9,9,9,9,9,10,10,10,10,1.0000445617495,1953.33767697759,1965.50208811834,9,2022-01-20
"Reference: Age and week by age, Report: Day of week",2022-01-20,2021-12-25,00-04,DE,9,FALSE,2,9.239,9,0.534810257012244,0,9,9,9,9,9,9,10,10,10,10,1.00074649604834,1966.33184278767,1864.71580458299,9,2022-01-20
"Independent by age, Reference: Week, Report: Day of week",2022-01-20,2021-12-25,00-04,DE,9,FALSE,1,9.1585,9,0.400572064664393,0,9,9,9,9,9,9,9,10,10,10,1.00100506829463,1606.52774771356,1631.93676562617,9,2022-01-20
"Independent by age, Reference: Week and day of week, Report: Day of week",2022-01-20,2021-12-25,00-04,DE,9,FALSE,1,9.141,9,0.382350750029373,0,9,9,9,9,9,9,9,10,10,10,0.999446560347272,1885.0090817954,1884.5743017242,9,2022-01-20
"Reference: Fixed, Report: Fixed",2022-01-20,2021-12-26,00-04,DE,9,FALSE,2,9.388,9,0.631391580292161,0,9,9,9,9,9,10,10,10,11,11,1.00132852659772,1869.52687614647,1884.71709740014,9,2022-01-20
"Reference: Fixed, Report: Day of week",2022-01-20,2021-12-26,00-04,DE,9,FALSE,2,9.25,9,0.508556107678719,0,9,9,9,9,9,9,10,10,10,11,0.999340899659162,1916.45156480631,1861.32910818412,9,2022-01-20
"Reference: Age, Report: Day of week",2022-01-20,2021-12-26,00-04,DE,9,FALSE,2,9.243,9,0.500076032238108,0,9,9,9,9,9,9,10,10,10,11,0.999165144933779,2102.18441198087,2042.50264193193,9,2022-01-20
"Reference: Age and week, Report: Day of week",2022-01-20,2021-12-26,00-04,DE,9,FALSE,2,9.211,9,0.457803223990338,0,9,9,9,9,9,9,9,10,10,10,1.0002858347272,1969.95278076034,1985.69756924722,9,2022-01-20
"Reference: Age and week by age, Report: Day of week",2022-01-20,2021-12-26,00-04,DE,9,FALSE,2,9.253,9,0.541421803019044,0,9,9,9,9,9,9,10,10,10,10,1.0048717873318,1900.38517804066,1941.63965460022,9,2022-01-20
"Independent by age, Reference: Week, Report: Day of week",2022-01-20,2021-12-26,00-04,DE,9,FALSE,1,9.1425,9,0.381138273060573,0,9,9,9,9,9,9,9,10,10,10,0.999215167756317,2045.91918089046,1865.86685609738,9,2022-01-20
"Independent by age, Reference: Week and day of week, Report: Day of week",2022-01-20,2021-12-26,00-04,DE,9,FALSE,1,9.1395,9,0.376975868462029,0,9,9,9,9,9,9,9,10,10,10,1.00056738727661,1659.61126275223,1650.57622899203,9,2022-01-20
"Reference: Fixed, Report: Fixed",2022-01-20,2021-12-27,00-04,DE,7,FALSE,2,7.4575,7,0.668144414389015,0,7,7,7,7,7,8,8,8,9,9,1.00120576564535,2093.35402411215,2048.56183007882,7,2022-01-20
"Reference: Fixed, Report: Day of week",2022-01-20,2021-12-27,00-04,DE,7,FALSE,2,7.3155,7,0.577170956612145,0,7,7,7,7,7,8,8,8,8,9,0.999300275069695,1962.58156977503,1903.08203027457,7,2022-01-20
"Reference: Age, Report: Day of week",2022-01-20,2021-12-27,00-04,DE,7,FALSE,2,7.277,7,0.520005964486515,0,7,7,7,7,7,7,8,8,8,9,0.999790835297086,1897.94149580705,1846.64507613918,7,2022-01-20
"Reference: Age and week, Report: Day of week",2022-01-20,2021-12-27,00-04,DE,7,FALSE,2,7.2565,7,0.497826943659056,0,7,7,7,7,7,7,8,8,8,9,0.99933225522097,1931.53945810657,1968.18539506424,7,2022-01-20
"Reference: Age and week by age, Report: Day of week",2022-01-20,2021-12-27,00-04,DE,7,FALSE,2,7.3035,7,0.574937410952929,0,7,7,7,7,7,8,8,8,8,8.75,1.00297407952624,1884.68687727613,1746.19204424305,7,2022-01-20
"Independent by age, Reference: Week, Report: Day of week",2022-01-20,2021-12-27,00-04,DE,7,FALSE,1,7.1395,7,0.37830054936892,0,7,7,7,7,7,7,7,8,8,8,0.999768863299527,1873.01230417222,1851.66833978789,7,2022-01-20
"Independent by age, Reference: Week and day of week, Report: Day of week",2022-01-20,2021-12-27,00-04,DE,7,FALSE,1,7.1805,7,0.446115746897389,0,7,7,7,7,7,7,7,8,8,8,0.999414911373685,1906.03442864431,1868.04008275602,7,2022-01-20
"Reference: Fixed, Report: Fixed",2022-01-20,2021-12-28,00-04,DE,18,FALSE,2,18.5995,18,0.783202689746794,0,18,18,18,18,18,19,19,20,20,20,0.99925705239313,1945.44224429119,1824.2895653835,18,2022-01-20
"Reference: Fixed, Report: Day of week",2022-01-20,2021-12-28,00-04,DE,18,FALSE,2,18.366,18,0.60846455488983,0,18,18,18,18,18,19,19,19,20,20,1.00173137182281,1915.20786954765,2025.51137746903,18,2022-01-20
"Reference: Age, Report: Day of week",2022-01-20,2021-12-28,00-04,DE,18,FALSE,2,18.3105,18,0.549764377197375,0,18,18,18,18,18,19,19,19,19,20,1.00281006662675,2146.36778303479,1956.59831760822,18,2022-01-20
"Reference: Age and week, Report: Day of week",2022-01-20,2021-12-28,00-04,DE,18,FALSE,2,18.294,18,0.526975190522014,0,18,18,18,18,18,19,19,19,19,20,0.999341214513406,1956.72197998303,1977.74222994524,18,2022-01-20
"Reference: Age and week by age, Report: Day of week",2022-01-20,2021-12-28,00-04,DE,18,FALSE,2,18.3065,18,0.696275915190981,0,18,18,18,18,18,19,19,19,19,20,0.999555120455131,2067.08948057056,1876.48754519688,18,2022-01-20
"Independent by age, Reference: Week, Report: Day of week",2022-01-20,2021-12-28,00-04,DE,18,FALSE,1,18.1935,18,0.454049370019613,0,18,18,18,18,18,18,18,19,19,19,0.999223357890749,2004.17819237696,1951.61828791034,18,2022-01-20
"Independent by age, Reference: Week and day of week, Report: Day of week",2022-01-20,2021-12-28,00-04,DE,18,FALSE,1,18.1965,18,0.460427786817256,0,18,18,18,18,18,18,18,19,19,19,1.00091785432929,2078.96502913708,2010.86693737693,18,2022-01-20
"Reference: Fixed, Report: Fixed",2022-01-20,2021-12-29,00-04,DE,21,FALSE,2,21.676,21,0.843433275277258,0,21,21,21,21,21,22,22,23,23,24,0.999143938246212,1905.50074120549,1520.24288918398,21,2022-01-20
"Reference: Fixed, Report: Day of week",2022-01-20,2021-12-29,00-04,DE,21,FALSE,2,21.481,21,0.716167192577168,0,21,21,21,21,21,22,22,22,23,23,0.999388741384016,1950.50776924276,1952.34763337477,21,2022-01-20
"Reference: Age, Report: Day of week",2022-01-20,2021-12-29,00-04,DE,21,FALSE,2,21.441,21,0.673606615864533,0,21,21,21,21,21,22,22,22,23,23,0.999709167717535,1937.3276985623,1915.7345326882,21,2022-01-20
"Reference: Age and week, Report: Day of week",2022-01-20,2021-12-29,00-04,DE,21,FALSE,2,21.453,21,0.687769957003705,0,21,21,21,21,21,22,22,22,23,23,1.00009938170846,2072.15371619796,2023.72531431678,21,2022-01-20
"Reference: Age and week by age, Report: Day of week",2022-01-20,2021-12-29,00-04,DE,21,FALSE,2,21.488,21,0.860945186005853,0,21,21,21,21,21,22,22,22,23,23,0.999673810807678,2014.64906965295,1989.70736409452,21,2022-01-20
"Independent by age, Reference: Week, Report: Day of week",2022-01-20,2021-12-29,00-04,DE,21,FALSE,1,21.262,21,0.506442733308575,0,21,21,21,21,21,21,22,22,22,22,1.00056677025597,2151.94183679875,2110.87871578614,21,2022-01-20
"Independent by age, Reference: Week and day of week, Report: Day of week",2022-01-20,2021-12-29,00-04,DE,21,FALSE,1,21.2935,21,0.541760558043058,0,21,21,21,21,21,22,22,22,22,23,0.999024194059729,2107.17544950827,1991.56033575137,21,2022-01-20
"Reference: Fixed, Report: Fixed",2022-01-20,2021-12-30,00-04,DE,12,FALSE,2,12.7305,13,0.869625134145149,1.4826,12,12,12,12,13,13,13,14,14,15,0.999608046877054,1980.70847587844,1842.40808781621,12,2022-01-20
"Reference: Fixed, Report: Day of week",2022-01-20,2021-12-30,00-04,DE,12,FALSE,2,12.5765,12,0.753280469501809,0,12,12,12,12,12,13,13,14,14,14,0.999351693287652,2019.65172387583,2067.81410226265,12,2022-01-20
"Reference: Age, Report: Day of week",2022-01-20,2021-12-30,00-04,DE,12,FALSE,2,12.5215,12,0.729248689972024,0,12,12,12,12,12,13,13,14,14,14,0.999806135584143,1797.0532630507,1911.49806467801,12,2022-01-20
"Reference: Age and week, Report: Day of week",2022-01-20,2021-12-30,00-04,DE,12,FALSE,2,12.565,12,0.761620005328286,0,12,12,12,12,12,13,13,14,14,14,1.000648920794,2013.06800542654,1906.94868790455,12,2022-01-20
"Reference: Age and week by age, Report: Day of week",2022-01-20,2021-12-30,00-04,DE,12,FALSE,2,12.5845,12,0.805719766526232,0,12,12,12,12,12,13,13,14,14,14,0.99918648090997,2070.89837208236,1884.52147660277,12,2022-01-20
"Independent by age, Reference: Week, Report: Day of week",2022-01-20,2021-12-30,00-04,DE,12,FALSE,1,12.293,12,0.55615254456526,0,12,12,12,12,12,12,13,13,13,14,0.999330676219849,2130.08737662499,1911.93079001351,12,2022-01-20
"Independent by age, Reference: Week and day of week, Report: Day of week",2022-01-20,2021-12-30,00-04,DE,12,FALSE,1,12.2925,12,0.564892292079495,0,12,12,12,12,12,12,13,13,13,14,1.00225420633308,2047.06197545096,1941.6342500305,12,2022-01-20
"Reference: Fixed, Report: Fixed",2022-01-20,2021-12-31,00-04,DE,18,FALSE,2,18.7935,19,0.907893102156014,1.4826,18,18,18,18,19,19,19,20,20,21,1.00115051944571,1887.38396143929,1852.78811056993,18,2022-01-20
"Reference: Fixed, Report: Day of week",2022-01-20,2021-12-31,00-04,DE,18,FALSE,2,18.7195,19,0.86150498862323,1.4826,18,18,18,18,19,19,19,20,20,21,1.00129404430057,1947.28784752397,2015.33710760307,18,2022-01-20
"Reference: Age, Report: Day of week",2022-01-20,2021-12-31,00-04,DE,18,FALSE,2,18.6545,18,0.797149593073263,0,18,18,18,18,18,19,19,20,20,21,1.00168862590828,2095.85429283674,2028.72581189601,18,2022-01-20
"Reference: Age and week, Report: Day of week",2022-01-20,2021-12-31,00-04,DE,18,FALSE,2,18.658,18,0.836890789229125,0,18,18,18,18,18,19,19,20,20,21,1.00103431666191,2053.59379862357,2017.27521847889,18,2022-01-20
"Reference: Age and week by age, Report: Day of week",2022-01-20,2021-12-31,00-04,DE,18,FALSE,2,18.6385,18,0.915552766602896,0,18,18,18,18,18,19,19,20,20,21,1.00054207506847,1625.30891162486,1766.91612223506,18,2022-01-20
"Independent by age, Reference: Week, Report: Day of week",2022-01-20,2021-12-31,00-04,DE,18,FALSE,1,18.397,18,0.655443211042307,0,18,18,18,18,18,19,19,19,20,20,1.00074893467051,2004.53370187242,1894.41917697654,18,2022-01-20
"Independent by age, Reference: Week and day of week, Report: Day of week",2022-01-20,2021-12-31,00-04,DE,18,FALSE,1,18.3855,18,0.644280450308191,0,18,18,18,18,18,19,19,19,20,20,0.999408639396433,1788.815062553,1810.1518612012,18,2022-01-20
"Reference: Fixed, Report: Fixed",2022-01-20,2022-01-01,00-04,DE,7,FALSE,2,7.855,8,0.915638682613699,1.4826,7,7,7,7,8,8,9,9,10,10,1.00057225938756,1917.40607306708,1806.94989751443,7,2022-01-20
"Reference: Fixed, Report: Day of week",2022-01-20,2022-01-01,00-04,DE,7,FALSE,2,7.748,8,0.889883108038908,1.4826,7,7,7,7,8,8,8,9,9,10,1.00096671852185,1655.55761248588,1702.69028158535,7,2022-01-20
"Reference: Age, Report: Day of week",2022-01-20,2022-01-01,00-04,DE,7,FALSE,2,7.704,8,0.852494793935332,1.4826,7,7,7,7,8,8,8,9,9,10,1.00142239197856,1762.63434922779,1758.71964006959,7,2022-01-20
"Reference: Age and week, Report: Day of week",2022-01-20,2022-01-01,00-04,DE,7,FALSE,2,7.682,7,0.832599910704807,0,7,7,7,7,7,8,8,9,9,10,0.999244547382255,1926.90271382025,1963.1364584493,7,2022-01-20
"Reference: Age and week by age, Report: Day of week",2022-01-20,2022-01-01,00-04,DE,7,FALSE,2,7.754,8,0.921905068039676,1.4826,7,7,7,7,8,8,8,9,9,10,1.00057277849441,2001.13178687829,1995.79513520271,7,2022-01-20
"Independent by age, Reference: Week, Report: Day of week",2022-01-20,2022-01-01,00-04,DE,7,FALSE,1,7.3775,7,0.629437722036868,0,7,7,7,7,7,8,8,8,9,9,0.999067529378587,1886.30211109334,1833.68930037438,7,2022-01-20
"Independent by age, Reference: Week and day of week, Report: Day of week",2022-01-20,2022-01-01,00-04,DE,7,FALSE,1,7.364,7,0.623456774102734,0,7,7,7,7,7,8,8,8,9,9,0.999935291297217,1967.95287668397,1866.08215665409,7,2022-01-20
"Reference: Fixed, Report: Fixed",2022-01-20,2022-01-02,00-04,DE,9,FALSE,2,10.104,10,1.09671573012169,1.4826,9,9,9,9,10,11,11,12,12,13,0.999884006913266,1880.8883531091,1884.6547667003,9,2022-01-20
"Reference: Fixed, Report: Day of week",2022-01-20,2022-01-02,00-04,DE,9,FALSE,2,9.908,10,0.933258531031392,1.4826,9,9,9,9,10,10,11,11,12,12,1.0002699028034,1889.88615115097,1889.37018382707,9,2022-01-20
"Reference: Age, Report: Day of week",2022-01-20,2022-01-02,00-04,DE,9,FALSE,2,9.777,10,0.858276948111639,1.4826,9,9,9,9,10,10,10,11,11,12,1.00209684493999,2079.47932111981,1839.68552289253,9,2022-01-20
"Reference: Age and week, Report: Day of week",2022-01-20,2022-01-02,00-04,DE,9,FALSE,2,9.8015,10,0.921152544916152,1.4826,9,9,9,9,10,10,10,11,12,12,1.00018516222449,1939.91225770891,1920.64095313088,9,2022-01-20
"Reference: Age and week by age, Report: Day of week",2022-01-20,2022-01-02,00-04,DE,9,FALSE,2,9.871,10,0.975107387526422,1.4826,9,9,9,9,10,10,11,11,12,12,1.00840871533826,1482.83695839846,1649.70672022453,9,2022-01-20
"Independent by age, Reference: Week, Report: Day of week",2022-01-20,2022-01-02,00-04,DE,9,FALSE,1,9.418,9,0.657641426708401,0,9,9,9,9,9,10,10,10,11,11,0.999052371186231,1966.67023881882,1939.93694007381,9,2022-01-20
"Independent by age, Reference: Week and day of week, Report: Day of week",2022-01-20,2022-01-02,00-04,DE,9,FALSE,1,9.3745,9,0.638320825869225,0,9,9,9,9,9,10,10,10,11,11,0.999956189190921,1937.1392320553,1863.73099037675,9,2022-01-20
"Reference: Fixed, Report: Fixed",2022-01-20,2022-01-03,00-04,DE,20,FALSE,2,21.442,21,1.24916620515608,1.4826,20,20,20,20,21,22,22,23,24,24,1.00096657389289,2113.01990863174,2109.25018747949,20,2022-01-20
"Reference: Fixed, Report: Day of week",2022-01-20,2022-01-03,00-04,DE,20,FALSE,2,21.1675,21,1.11940621989632,1.4826,20,20,20,20,21,22,22,23,23,24,1.00010532625286,2098.77761932577,1974.61284234174,20,2022-01-20
"Reference: Age, Report: Day of week",2022-01-20,2022-01-03,00-04,DE,20,FALSE,2,21.04,21,1.03823839723097,1.4826,20,20,20,20,21,22,22,22,23,23,1.00165804842541,2015.1876560073,1632.81680389663,20,2022-01-20
"Reference: Age and week, Report: Day of week",2022-01-20,2022-01-03,00-04,DE,20,FALSE,2,21.1285,21,1.0948000016084,1.4826,20,20,20,20,21,22,22,23,23,24,0.999924362454037,2075.85079750405,1800.79748247601,20,2022-01-20
"Reference: Age and week by age, Report: Day of week",2022-01-20,2022-01-03,00-04,DE,20,FALSE,2,21.045,21,1.14132655850838,1.4826,20,20,20,20,21,22,22,22,23,23,1.00430838183664,1800.30630205532,1755.64558697837,20,2022-01-20
"Independent by age, Reference: Week, Report: Day of week",2022-01-20,2022-01-03,00-04,DE,20,FALSE,1,20.607,20,0.822124652636227,0,20,20,20,20,20,21,21,22,22,23,0.999165221504541,1921.50858211587,1913.5051632433,20,2022-01-20
"Independent by age, Reference: Week and day of week, Report: Day of week",2022-01-20,2022-01-03,00-04,DE,20,FALSE,1,20.685,20,0.885532090633519,0,20,20,20,20,20,21,21,22,22,23,1.00046433657083,1752.88692914648,1843.08058393374,20,2022-01-20
"Reference: Fixed, Report: Fixed",2022-01-20,2022-01-04,00-04,DE,28,FALSE,2,29.887,30,1.4457787306739,1.4826,28,28,29,29,30,31,31,32,33,33,0.999587947048298,2002.50689162547,1984.4838947974,28,2022-01-20
"Reference: Fixed, Report: Day of week",2022-01-20,2022-01-04,00-04,DE,28,FALSE,2,29.3535,29,1.21954146739475,1.4826,28,28,28,28,29,30,30,31,32,32,1.00089643160558,1884.53044719636,1911.44973028859,28,2022-01-20
"Reference: Age, Report: Day of week",2022-01-20,2022-01-04,00-04,DE,28,FALSE,2,29.3165,29,1.186605143206,1.4826,28,28,28,28,29,30,30,31,32,32,1.00007102789608,1978.4506335843,1913.50570065796,28,2022-01-20
"Reference: Age and week, Report: Day of week",2022-01-20,2022-01-04,00-04,DE,28,FALSE,2,29.3625,29,1.20491479359742,1.4826,28,28,28,28,29,30,30,31,32,32,0.999951815691152,1913.29305917723,1976.37821121632,28,2022-01-20
"Reference: Age and week by age, Report: Day of week",2022-01-20,2022-01-04,00-04,DE,28,FALSE,2,29.092,29,1.26068658489438,1.4826,28,28,28,28,29,30,30,31,31,32,1.00600521079654,1636.5387989959,1280.9212360776,28,2022-01-20
"Independent by age, Reference: Week, Report: Day of week",2022-01-20,2022-01-04,00-04,DE,28,FALSE,1,28.7225,29,0.864793434203753,1.4826,28,28,28,28,29,29,29,30,30,31,1.00185707738219,1936.53504425473,1710.27002926285,28,2022-01-20
"Independent by age, Reference: Week and day of week, Report: Day of week",2022-01-20,2022-01-04,00-04,DE,28,FALSE,1,28.707,28,0.908605404942622,0,28,28,28,28,28,29,29,30,30,31,1.00185393524137,1876.14216787609,1879.97073071971,28,2022-01-20
"Reference: Fixed, Report: Fixed",2022-01-20,2022-01-05,00-04,DE,24,FALSE,2,26.313,26,1.61379464820754,1.4826,24,24,25,25,26,27,28,29,29,30,0.999552426251413,2024.58017925376,2021.61808314815,24,2022-01-20
"Reference: Fixed, Report: Day of week",2022-01-20,2022-01-05,00-04,DE,24,FALSE,2,25.7395,26,1.37680337876252,1.4826,24,24,25,25,26,26,27,28,28,29,0.999451437948032,2048.30781485088,1867.53358580766,24,2022-01-20
"Reference: Age, Report: Day of week",2022-01-20,2022-01-05,00-04,DE,24,FALSE,2,25.64,25,1.28227224529564,1.4826,24,24,24,25,25,26,27,27,28,28.0249999999999,1.00142251888601,1982.50303489653,2001.24479346129,24,2022-01-20
"Reference: Age and week, Report: Day of week",2022-01-20,2022-01-05,00-04,DE,24,FALSE,2,25.6505,25,1.35619666151054,1.4826,24,24,24,25,25,26,27,27,28,29,1.00040797740886,1780.15203033294,1932.58920493443,24,2022-01-20
"Reference: Age and week by age, Report: Day of week",2022-01-20,2022-01-05,00-04,DE,24,FALSE,2,25.7915,26,1.4707512721913,1.4826,24,24,25,25,26,27,27,28,28,29,1.00027851993704,2040.99146789138,1798.94685321994,24,2022-01-20
"Independent by age, Reference: Week, Report: Day of week",2022-01-20,2022-01-05,00-04,DE,24,FALSE,1,24.894,25,1.01748790696519,1.4826,24,24,24,24,25,25,26,26,27,27,0.999940606111405,2060.23133693584,2008.9462698788,24,2022-01-20
"Independent by age, Reference: Week and day of week, Report: Day of week",2022-01-20,2022-01-05,00-04,DE,24,FALSE,1,24.9495,25,1.06888774457623,1.4826,24,24,24,24,25,25,26,26,27,27.0249999999999,1.00134824965199,1952.45091673717,2004.28567356037,24,2022-01-20
"Reference: Fixed, Report: Fixed",2022-01-20,2022-01-06,00-04,DE,28,FALSE,2,30.5825,30,1.72124230936373,1.4826,28,28,29,29,30,32,32,33,34,34,1.00167171476947,2153.1899810115,1829.64034865593,29,2022-01-20
"Reference: Fixed, Report: Day of week",2022-01-20,2022-01-06,00-04,DE,28,FALSE,2,30.251,30,1.55987679250763,1.4826,28,28,29,29,30,31,32,32,33,34,0.999876018080686,1881.9525214073,1735.68106065849,28,2022-01-20
"Reference: Age, Report: Day of week",2022-01-20,2022-01-06,00-04,DE,28,FALSE,2,30.173,30,1.58566331990181,1.4826,28,28,29,29,30,31,31,32,33,34,0.999784488659862,1900.59675657334,1840.68378658683,28,2022-01-20
"Reference: Age and week, Report: Day of week",2022-01-20,2022-01-06,00-04,DE,28,FALSE,2,30.24,30,1.55422257218905,1.4826,28,28,29,29,30,31,31,32,33,34,0.999707167113695,2164.36026360506,1852.78526713335,28,2022-01-20
"Reference: Age and week by age, Report: Day of week",2022-01-20,2022-01-06,00-04,DE,28,FALSE,2,30.2335,30,1.73045513882728,1.4826,28,28,29,29,30,31,31,32,33,34,1.01565115820929,1320.92029798934,1755.30673983551,28,2022-01-20
"Independent by age, Reference: Week, Report: Day of week",2022-01-20,2022-01-06,00-04,DE,28,FALSE,1,29.083,29,1.10305002591897,1.4826,28,28,28,28,29,30,30,31,31,32,1.00156242296072,1722.77645655455,1895.55519141589,28,2022-01-20
"Independent by age, Reference: Week and day of week, Report: Day of week",2022-01-20,2022-01-06,00-04,DE,28,FALSE,1,29.162,29,1.20643430897456,1.4826,28,28,28,28,29,30,30,31,31.05,32,1.00018380111696,2101.51297812198,2048.5167332726,28,2022-01-20
"Reference: Fixed, Report: Fixed",2022-01-20,2022-01-07,00-04,DE,24,FALSE,2,26.8635,27,1.82085845489329,1.4826,24,24,25,26,27,28,28,29,30,31,0.999731342789518,2089.33856353282,1931.10493539205,25,2022-01-20
"Reference: Fixed, Report: Day of week",2022-01-20,2022-01-07,00-04,DE,24,FALSE,2,26.621,26,1.66875743464646,1.4826,24,24,25,25,26,28,28,29,30,30,1.00098902323193,1871.34219912782,1715.00365334532,25,2022-01-20
"Reference: Age, Report: Day of week",2022-01-20,2022-01-07,00-04,DE,24,FALSE,2,26.5625,26,1.6218535551884,1.4826,24,24,25,25,26,27,28,29,29,30,0.999788437080792,2094.68506305645,1907.52709435188,25,2022-01-20
"Reference: Age and week, Report: Day of week",2022-01-20,2022-01-07,00-04,DE,24,FALSE,2,26.486,26,1.69948466426209,1.4826,24,24,25,25,26,27,28,29,29,30,0.999698679553809,2157.82503159664,2031.24311066288,25,2022-01-20
"Reference: Age and week by age, Report: Day of week",2022-01-20,2022-01-07,00-04,DE,24,FALSE,2,26.668,26,1.7567922926686,1.4826,24,24,25,25,26,28,28,29,30,30,0.999638319150414,1709.77035536752,1777.31899772062,25,2022-01-20
"Independent by age, Reference: Week, Report: Day of week",2022-01-20,2022-01-07,00-04,DE,24,FALSE,1,25.267,25,1.19516744124257,1.4826,24,24,24,24,25,26,26,27,27,28,1.00043898830285,1761.47890352204,1822.14232250696,24,2022-01-20
"Independent by age, Reference: Week and day of week, Report: Day of week",2022-01-20,2022-01-07,00-04,DE,24,FALSE,1,25.181,25,1.19329416972,1.4826,24,24,24,24,25,26,26,27,27,28,1.00160010595312,1951.68193855055,1749.99368309965,24,2022-01-20
"Reference: Fixed, Report: Fixed",2022-01-20,2022-01-08,00-04,DE,23,FALSE,2,26.178,26,1.94401790187267,1.4826,23,23,25,25,26,27,28,29,30,31,1.00013208759798,1982.90872030681,2022.91676502016,24,2022-01-20
"Reference: Fixed, Report: Day of week",2022-01-20,2022-01-08,00-04,DE,23,FALSE,2,26.0835,26,1.88342809809675,1.4826,23,23,25,25,26,27,28,29,29,30,1.00203026584374,1924.28071922815,1869.26042459741,24,2022-01-20
"Reference: Age, Report: Day of week",2022-01-20,2022-01-08,00-04,DE,23,FALSE,2,26.0265,26,1.77210833020078,1.4826,23,23,25,25,26,27,27,28,29,30,0.999407570771384,1960.42856319204,1530.53416592854,24,2022-01-20
"Reference: Age and week, Report: Day of week",2022-01-20,2022-01-08,00-04,DE,23,FALSE,2,25.979,26,1.77034631161011,1.4826,23,23,24,25,26,27,27,28,29,30,1.00076917292095,2034.66342113696,1864.93956029765,24,2022-01-20
"Reference: Age and week by age, Report: Day of week",2022-01-20,2022-01-08,00-04,DE,23,FALSE,2,26.089,26,1.89205415738219,1.4826,23,24,25,25,26,27,28,29,29,30,0.999687778193955,1869.40012222663,1890.08676326229,24,2022-01-20
"Independent by age, Reference: Week, Report: Day of week",2022-01-20,2022-01-08,00-04,DE,23,FALSE,1,24.6185,24,1.46834456715171,1.4826,23,23,23,24,24,25,26,27,27,28,0.999307685562004,1635.41503670302,1802.57960575907,23,2022-01-20
"Independent by age, Reference: Week and day of week, Report: Day of week",2022-01-20,2022-01-08,00-04,DE,23,FALSE,1,24.592,24,1.44207343359967,1.4826,23,23,23,23,24,25,26,27,27,28,0.999791512509861,2003.22161295528,1844.027086026,23,2022-01-20
"Reference: Fixed, Report: Fixed",2022-01-20,2022-01-09,00-04,DE,22,FALSE,2,25.6035,25,2.03552436234865,1.4826,22,23,24,24,25,27,27,28,29,30,1.00023271950197,1988.45190442629,1820.06569039753,23,2022-01-20
"Reference: Fixed, Report: Day of week",2022-01-20,2022-01-09,00-04,DE,22,FALSE,2,25.619,25,2.03615126058404,1.4826,22,23,24,24,25,27,27,28,29,30,1.00093591218505,1963.92903116162,1793.32600631147,23,2022-01-20
"Reference: Age, Report: Day of week",2022-01-20,2022-01-09,00-04,DE,22,FALSE,2,25.552,25,1.99054694457812,1.4826,22,23,24,24,25,27,27,28,29,30,1.00062084911351,1905.03382102369,1660.75778580713,23,2022-01-20
"Reference: Age and week, Report: Day of week",2022-01-20,2022-01-09,00-04,DE,22,FALSE,2,25.527,25,1.99956748700001,1.4826,22,23,24,24,25,27,27,28,29,30,0.999328294511666,2036.26865064944,1793.48496978528,23,2022-01-20
"Reference: Age and week by age, Report: Day of week",2022-01-20,2022-01-09,00-04,DE,22,FALSE,2,26.0125,26,2.42162670284748,2.9652,22,23,24,24,26,27,28,29,30,31,1.17135097742615,8.31991508906252,42.4958858909322,23,2022-01-20
"Independent by age, Reference: Week, Report: Day of week",2022-01-20,2022-01-09,00-04,DE,22,FALSE,1,23.984,24,1.61463541512066,1.4826,22,22,23,23,24,25,25,26,27,28,0.999524237108224,1997.47455344764,1705.76774837935,22,2022-01-20
"Independent by age, Reference: Week and day of week, Report: Day of week",2022-01-20,2022-01-09,00-04,DE,22,FALSE,1,23.878,24,1.60480643750296,1.4826,22,22,22,23,24,25,25,26,27,28,1.00069725500369,1873.61772210492,2005.14263384115,22,2022-01-20
"Reference: Fixed, Report: Fixed",2022-01-20,2022-01-10,00-04,DE,10,FALSE,2,14.0095,14,2.2367188481351,1.4826,10,11,12,12,14,15,16,17,18,19,0.999586570454703,2054.23878443009,1913.78404058793,11,2022-01-20
"Reference: Fixed, Report: Day of week",2022-01-20,2022-01-10,00-04,DE,10,FALSE,2,13.308,13,1.92924778048317,1.4826,10,11,12,12,13,14,15,16,17,18,0.999398280623468,2016.1659542942,2068.1591204464,11,2022-01-20
"Reference: Age, Report: Day of week",2022-01-20,2022-01-10,00-04,DE,10,FALSE,2,13.1195,13,1.92693442756729,1.4826,10,10,11,12,13,14,15,16,17,17,1.00072402141215,2022.08567062297,2007.00805064578,11,2022-01-20
"Reference: Age and week, Report: Day of week",2022-01-20,2022-01-10,00-04,DE,10,FALSE,2,13.212,13,1.91412850769534,1.4826,10,10.95,12,12,13,14,15,16,17,17,1.00023014032479,2003.86715547433,1981.79475680118,11,2022-01-20
"Reference: Age and week by age, Report: Day of week",2022-01-20,2022-01-10,00-04,DE,10,FALSE,2,12.863,13,1.75321643955958,1.4826,10,10,11,12,13,14,14,15,16,16.0249999999999,1.00036975659526,1944.01222054879,2003.56795413139,11,2022-01-20
"Independent by age, Reference: Week, Report: Day of week",2022-01-20,2022-01-10,00-04,DE,10,FALSE,1,11.7915,12,1.48227066123451,1.4826,10,10,10,11,12,13,13,14,15,15,0.999999508414588,2010.55090425568,1890.84274305486,10,2022-01-20
"Independent by age, Reference: Week and day of week, Report: Day of week",2022-01-20,2022-01-10,00-04,DE,10,FALSE,1,11.9085,12,1.62186404223219,1.4826,10,10,11,11,12,13,13,14,15,16,1.00062518544688,1742.07848532531,1796.32932284516,10,2022-01-20
"Reference: Fixed, Report: Fixed",2022-01-20,2022-01-11,00-04,DE,38,FALSE,2,43.477,43,2.66345978175089,2.9652,39,40,41,42,43,45,46,47,48,49,0.999941491246035,1973.59628002473,2061.73370954506,40,2022-01-20
"Reference: Fixed, Report: Day of week",2022-01-20,2022-01-11,00-04,DE,38,FALSE,2,42.6095,42,2.30492214251187,2.9652,39,39,41,41,42,44,44,46,47,48,1.00058374142861,2019.82208352164,1884.71929627585,40,2022-01-20
"Reference: Age, Report: Day of week",2022-01-20,2022-01-11,00-04,DE,38,FALSE,2,42.444,42,2.25663692363272,1.4826,39,39,41,41,42,44,44,45,46,47,0.999561843392403,2071.79231151317,1699.7156414111,40,2022-01-20
"Reference: Age and week, Report: Day of week",2022-01-20,2022-01-11,00-04,DE,38,FALSE,2,42.34,42,2.23671666751186,1.4826,39,39,40,41,42,44,44,45,46,47,1.00005675446495,1723.35299687119,1898.50135156777,40,2022-01-20
"Reference: Age and week by age, Report: Day of week",2022-01-20,2022-01-11,00-04,DE,38,FALSE,2,42.333,42,2.39853861627177,1.4826,39,39,40,41,42,44,44,45,46,47,1.00461108533808,1774.18630753186,1736.95373434098,40,2022-01-20
"Independent by age, Reference: Week, Report: Day of week",2022-01-20,2022-01-11,00-04,DE,38,FALSE,1,40.846,41,2.03748857170781,1.4826,38,38,39,39,41,42,42,44,45,46,0.999976256346142,1996.01369948262,2037.96597365616,39,2022-01-20
"Independent by age, Reference: Week and day of week, Report: Day of week",2022-01-20,2022-01-11,00-04,DE,38,FALSE,1,40.7915,40,1.99324214713832,1.4826,38,38,39,39,40,42,42,43,45,45,1.00031499298523,1475.87256259553,1858.63015316604,39,2022-01-20
"Reference: Fixed, Report: Fixed",2022-01-20,2022-01-12,00-04,DE,31,FALSE,2,37.883,38,2.8807048148179,2.9652,33,34,35,36,38,40,40,42,43,44,1.00077791149947,1866.79991908799,1703.2960789941,34,2022-01-20
"Reference: Fixed, Report: Day of week",2022-01-20,2022-01-12,00-04,DE,31,FALSE,2,36.8795,37,2.60832924315938,2.9652,33,33,35,35,37,38,39,40,42,43,1.00189895614957,2032.7830329076,1950.77947573973,34,2022-01-20
"Reference: Age, Report: Day of week",2022-01-20,2022-01-12,00-04,DE,31,FALSE,2,36.663,36,2.59591995257945,2.9652,32,33,34,35,36,38,39,40,41,42,1.00025224099988,2076.46426982958,1648.45801847058,33,2022-01-20
"Reference: Age and week, Report: Day of week",2022-01-20,2022-01-12,00-04,DE,31,FALSE,2,36.5325,36,2.54286783738739,2.9652,32,33,34,35,36,38,39,40,41,42,0.999905289520867,2026.2495395808,2048.13940640066,33,2022-01-20
"Reference: Age and week by age, Report: Day of week",2022-01-20,2022-01-12,00-04,DE,31,FALSE,2,36.998,37,2.7602183614166,2.9652,33,33,35,35,37,39,39,40,42,43,1.00226260294714,1742.21374307085,1844.40997472211,34,2022-01-20
"Independent by age, Reference: Week, Report: Day of week",2022-01-20,2022-01-12,00-04,DE,31,FALSE,1,34.671,34,2.33376996319701,1.4826,31,32,33,33,34,36,37,38,39,40,1.00105753015571,2278.76035073092,2068.88456484677,32,2022-01-20
"Independent by age, Reference: Week and day of week, Report: Day of week",2022-01-20,2022-01-12,00-04,DE,31,FALSE,1,34.703,34,2.35596398171567,1.4826,31,32,33,33,34,36,37,38,39,40,1.00022084720268,1976.02960841945,1944.10751268092,32,2022-01-20
"Reference: Fixed, Report: Fixed",2022-01-20,2022-01-13,00-04,DE,25,FALSE,2,33.0965,33,3.28961981834902,2.9652,27,28,30,31,33,35,36,37,39,40,0.999508930988952,1905.28671446003,1851.0993250739,29,2022-01-20
"Reference: Fixed, Report: Day of week",2022-01-20,2022-01-13,00-04,DE,25,FALSE,2,32.124,32,3.05373323054285,2.9652,27,28,30,30,32,34,35,36,37,39,1.00015974870036,1848.44431782133,2033.14825401629,28,2022-01-20
"Reference: Age, Report: Day of week",2022-01-20,2022-01-13,00-04,DE,25,FALSE,2,31.831,32,2.89130053944669,2.9652,27,28,29,30,32,33,34,36,37,38,1.00065776435541,2261.20246557859,1756.1020561787,28,2022-01-20
"Reference: Age and week, Report: Day of week",2022-01-20,2022-01-13,00-04,DE,25,FALSE,2,31.702,31,2.90075907334629,2.9652,27,28,29,30,31,33,34,36,37,38,0.999349920415563,2062.48861257332,1829.63203537745,28,2022-01-20
"Reference: Age and week by age, Report: Day of week",2022-01-20,2022-01-13,00-04,DE,25,FALSE,2,32.778,33,3.11023355656584,2.9652,27,28,30,31,33,35,35,37,38,39,1.0178576527195,680.388417605012,1411.27914231084,29,2022-01-20
"Independent by age, Reference: Week, Report: Day of week",2022-01-20,2022-01-13,00-04,DE,25,FALSE,1,29.2175,29,2.45910905790681,2.9652,25,26,27,27,29,31,31,32,34,35,1.00099336163786,1842.06350631232,1519.91335215207,26,2022-01-20
"Independent by age, Reference: Week and day of week, Report: Day of week",2022-01-20,2022-01-13,00-04,DE,25,FALSE,1,29.332,29,2.58226839329833,2.9652,25,26,27,27,29,31,31,33,34,35,0.999141469526565,1865.69129263392,1716.34659361314,26,2022-01-20
"Reference: Fixed, Report: Fixed",2022-01-20,2022-01-14,00-04,DE,29,FALSE,2,38.455,38,3.77347247866917,2.9652,32,33,35,36,38,41,42,43,45,47,1.00037023620376,2291.87945727504,1984.14084595542,34,2022-01-20
"Reference: Fixed, Report: Day of week",2022-01-20,2022-01-14,00-04,DE,29,FALSE,2,38.096,38,3.43419289505121,2.9652,32,33,35,36,38,40,41,43,44,45,1.0000667844153,2161.41737765179,1943.98284339768,34,2022-01-20
"Reference: Age, Report: Day of week",2022-01-20,2022-01-14,00-04,DE,29,FALSE,2,37.857,38,3.31723575081924,2.9652,32,33,35,36,38,40,41,42,44,45,0.999502730406561,1951.03962627279,2010.31051981181,34,2022-01-20
"Reference: Age and week, Report: Day of week",2022-01-20,2022-01-14,00-04,DE,29,FALSE,2,37.8905,38,3.38898987549212,2.9652,32,33,35,35,38,40,41,42,44,45,1.00090515519502,2152.13886904146,1831.91860005995,34,2022-01-20
"Reference: Age and week by age, Report: Day of week",2022-01-20,2022-01-14,00-04,DE,29,FALSE,2,38.1575,38,3.43009861932119,2.9652,32,33,35,36,38,40,41,43,44,45,1.02354212199779,149.302486321257,1486.41771926189,34,2022-01-20
"Independent by age, Reference: Week, Report: Day of week",2022-01-20,2022-01-14,00-04,DE,29,FALSE,1,34.509,34,2.89536017712437,2.9652,30,30,32,32,34,36,37,38,40,41,1.00149148174971,2284.25231415403,1835.12882221752,31,2022-01-20
"Independent by age, Reference: Week and day of week, Report: Day of week",2022-01-20,2022-01-14,00-04,DE,29,FALSE,1,34.3245,34,2.92770993999514,2.9652,30,30,32,32,34,36,37,38,40,41,0.99958925943814,1621.85721363567,1786.26604169016,31,2022-01-20
"Reference: Fixed, Report: Fixed",2022-01-20,2022-01-15,00-04,DE,25,FALSE,2,36.498,36,4.1833893403778,4.4478,29,30,33,34,36,39,40,42,44,46,1.00118520710299,2249.02178729529,1980.99264387143,31,2022-01-20
"Reference: Fixed, Report: Day of week",2022-01-20,2022-01-15,00-04,DE,25,FALSE,2,35.949,36,3.8608097500347,4.4478,29,30,33,33,36,38,39,41,43,44.0249999999999,1.00002612403385,2110.95646923922,1967.57259981069,31,2022-01-20
"Reference: Age, Report: Day of week",2022-01-20,2022-01-15,00-04,DE,25,FALSE,2,35.308,35,3.84207193560704,4.4478,29,30,32,33,35,38,38,40,42,44,1.00012598261617,2255.17790105732,2122.4492943524,31,2022-01-20
"Reference: Age and week, Report: Day of week",2022-01-20,2022-01-15,00-04,DE,25,FALSE,2,35.3135,35,3.71471631604007,2.9652,29,30,32,33,35,38,38,40,42,44,1.00265395960921,2117.29319774369,1926.96539136896,31,2022-01-20
"Reference: Age and week by age, Report: Day of week",2022-01-20,2022-01-15,00-04,DE,25,FALSE,2,34.556,34,4.063141464345,4.4478,28,28,31,32,34,37,38,40,42,42.5,1.17443462767902,8.16474830715412,57.8260867243688,29,2022-01-20
"Independent by age, Reference: Week, Report: Day of week",2022-01-20,2022-01-15,00-04,DE,25,FALSE,1,32.1415,32,3.72174736538173,2.9652,26,27,29,29,32,34,35,37,39,41,0.99955919754972,1840.47786490408,2064.47753129587,28,2022-01-20
"Independent by age, Reference: Week and day of week, Report: Day of week",2022-01-20,2022-01-15,00-04,DE,25,FALSE,1,32.124,32,3.77355851576943,2.9652,26,27,29,29,32,34,35,37,39,41,1.00065220908973,2064.50447315501,1881.54621351676,28,2022-01-20
"Reference: Fixed, Report: Fixed",2022-01-20,2022-01-16,00-04,DE,16,FALSE,2,29.431,29,4.89174852192965,4.4478,21,22,25,26,29,32,33,36,38,40,0.999902904059424,2177.17968488098,1965.93523016621,24,2022-01-20
"Reference: Fixed, Report: Day of week",2022-01-20,2022-01-16,00-04,DE,16,FALSE,2,28.9895,29,4.36611053577498,4.4478,21,22,25,26,29,32,33,35,37,38.0249999999999,1.00000494761863,2334.08732659114,1962.93133319523,24,2022-01-20
"Reference: Age, Report: Day of week",2022-01-20,2022-01-16,00-04,DE,16,FALSE,2,28.171,28,4.35548437284087,4.4478,21,22,24,25,28,31,32,34,36,37.0249999999999,0.999868280038969,2042.15375248251,2119.92837308963,23,2022-01-20
"Reference: Age and week, Report: Day of week",2022-01-20,2022-01-16,00-04,DE,16,FALSE,2,28.352,28,4.34816619675896,4.4478,21,22,25,25,28,31,32,34,36,38,0.999668404578568,2113.82723898054,1760.97657177454,23,2022-01-20
"Reference: Age and week by age, Report: Day of week",2022-01-20,2022-01-16,00-04,DE,16,FALSE,2,26.036,26,3.94569236562128,2.9652,20,20.95,23,23,26,28,29,31,32.5,32.5,1.02815882599961,312.629689889043,851.132688997363,22,2022-01-20
"Independent by age, Reference: Week, Report: Day of week",2022-01-20,2022-01-16,00-04,DE,16,FALSE,1,25.003,24,4.31477689455955,4.4478,18,19,21,22,24,27,28,31,32,34.0249999999999,1.0014915208533,1898.36853730404,1964.49170169161,20,2022-01-20
"Independent by age, Reference: Week and day of week, Report: Day of week",2022-01-20,2022-01-16,00-04,DE,16,FALSE,1,24.5045,24,4.26380930447088,4.4478,18,19,21,22,24,27,28,30,32,34,1.0007392771136,1713.23789860097,1875.00071235078,20,2022-01-20
"Reference: Fixed, Report: Fixed",2022-01-20,2022-01-17,00-04,DE,18,FALSE,2,35.5145,35,5.79159399738235,5.9304,26,27,30.8,31,35,39,40,43,46,48,1.00010849315298,2208.37628972754,1934.43290692035,29,2022-01-20
"Reference: Fixed, Report: Day of week",2022-01-20,2022-01-17,00-04,DE,18,FALSE,2,32.989,33,4.90376411047938,4.4478,24,25,29,29,33,36,37,39,41.05,43,1.00234378612122,2274.73833541548,1887.79842745359,27,2022-01-20
"Reference: Age, Report: Day of week",2022-01-20,2022-01-17,00-04,DE,18,FALSE,2,31.9585,32,4.66654755499626,4.4478,24,25,28,29,32,35,36,38,40,42,0.999954018287064,2096.39421252382,1845.53343907386,26,2022-01-20
"Reference: Age and week, Report: Day of week",2022-01-20,2022-01-17,00-04,DE,18,FALSE,2,31.98,32,4.53860104544615,4.4478,24,25,28,29,32,35,36,38,40,42,1.00020600882619,2116.43158734325,1923.45448097495,26,2022-01-20
"Reference: Age and week by age, Report: Day of week",2022-01-20,2022-01-17,00-04,DE,18,FALSE,2,31.6605,31,4.60258966950487,4.4478,23,25,28,28,31,35,35,37.1000000000001,38.75,38.75,1.04472777510292,41.0334838058952,111.378550678441,26,2022-01-20
"Independent by age, Reference: Week, Report: Day of week",2022-01-20,2022-01-17,00-04,DE,18,FALSE,1,29.1985,29,5.05152023437887,4.4478,21,22,25,26,29,32,33,36,39,40.0249999999999,0.999345720621013,2172.64029781238,1523.47770906745,23,2022-01-20
"Independent by age, Reference: Week and day of week, Report: Day of week",2022-01-20,2022-01-17,00-04,DE,18,FALSE,1,29.4515,29,5.28617248676014,4.4478,21,22,25,26,29,32,33,36,39,42,1.00099058833316,1719.81493508186,1698.21672513139,23,2022-01-20
"Reference: Fixed, Report: Fixed",2022-01-20,2022-01-18,00-04,DE,38,FALSE,2,63.594,63,8.72199521900237,8.8956,50,51,56,57,63,69,70,75,79,83,1.00013027038321,2346.05714303289,1625.849174078,53,2022-01-20
"Reference: Fixed, Report: Day of week",2022-01-20,2022-01-18,00-04,DE,38,FALSE,2,57.917,57,5.96111385893774,5.9304,48,49,53,54,57,62,63,65,68.05,71,0.999570113577928,2083.42442167635,1905.78936810703,51,2022-01-20
"Reference: Age, Report: Day of week",2022-01-20,2022-01-18,00-04,DE,38,FALSE,2,56.234,56,5.47231368879328,5.9304,47,48,51,52,56,60,61,64,66,68,1.00047291175335,2097.47069082067,1827.33581862975,50,2022-01-20
"Reference: Age and week, Report: Day of week",2022-01-20,2022-01-18,00-04,DE,38,FALSE,2,56.3475,56,5.71384877152799,5.9304,46,48,52,52,56,60,61,64,67,69,0.9997237012122,2117.90638206266,1833.37739261798,49,2022-01-20
"Reference: Age and week by age, Report: Day of week",2022-01-20,2022-01-18,00-04,DE,38,FALSE,2,43.3055,42,4.43012220388678,2.9652,38,39,40,40,42,45,46,48.1000000000001,52,52.5,1.21977521836061,6.58332377543619,78.8456309772047,39,2022-01-20
"Independent by age, Reference: Week, Report: Day of week",2022-01-20,2022-01-18,00-04,DE,38,FALSE,1,55.5365,55,7.12123751618221,5.9304,45,46,50,51,55,59,61,65,68,72,1.00001932228297,1840.73658956677,1709.39852992527,47,2022-01-20
"Independent by age, Reference: Week and day of week, Report: Day of week",2022-01-20,2022-01-18,00-04,DE,38,FALSE,1,55.688,55,7.47794195002234,7.413,44,46,49,50,55,60,61,66,69,73,0.999698779428356,1597.10432821194,1919.64082317357,47,2022-01-20
"Reference: Fixed, Report: Fixed",2022-01-20,2022-01-19,00-04,DE,27,FALSE,2,60.877,59,11.5191239297116,10.3782,43,45,51,53,59,67,69,76,83,88,0.999896199511628,2162.04744484123,1921.48198194135,48,2022-01-20
"Reference: Fixed, Report: Day of week",2022-01-20,2022-01-19,00-04,DE,27,FALSE,2,54.295,54,7.91114834484015,7.413,41,42,48,49,54,59,60,65,68,72,1.00165281641249,2252.78629133856,1712.75045878553,45,2022-01-20
"Reference: Age, Report: Day of week",2022-01-20,2022-01-19,00-04,DE,27,FALSE,2,52.196,52,7.3680206204877,7.413,39,42,46,47,52,57,58,62,66,69,1.00081340595046,2172.08619345063,1921.93669536758,43,2022-01-20
"Reference: Age and week, Report: Day of week",2022-01-20,2022-01-19,00-04,DE,27,FALSE,2,52.4135,52,7.29850339630756,7.413,40,41.95,46,47,52,57,58,62,65.05,69,1.0003703167521,2114.08041145184,2003.47246248177,44,2022-01-20
"Reference: Age and week by age, Report: Day of week",2022-01-20,2022-01-19,00-04,DE,27,FALSE,2,33.556,31,7.1560791453398,4.4478,27,27,28,29,31,37,38,38.75,38.75,38.75,1.48463066296911,3.93033941122468,55.2982675520734,28,2022-01-20
"Independent by age, Reference: Week, Report: Day of week",2022-01-20,2022-01-19,00-04,DE,27,FALSE,1,53.386,52,9.78697585816089,8.8956,37.975,40,45,47,52,59,61,66,70,75.0249999999999,1.00073027731607,2081.30301456087,2034.67651293054,42,2022-01-20
"Independent by age, Reference: Week and day of week, Report: Day of week",2022-01-20,2022-01-19,00-04,DE,27,FALSE,1,53.085,52,10.1042972745118,8.8956,38,40,45,46,52,58,60,66,71,77,1.00037039073513,1958.89063875246,1990.34181834545,42,2022-01-20
"Reference: Fixed, Report: Fixed",2022-01-20,2022-01-20,00-04,DE,18,FALSE,2,64.027,61,17.3909025857307,14.826,39,41,50,52,61,73,77,87,96.05,105,1.00156227808504,2365.51859059411,1848.84164170819,45,2022-01-20
"Reference: Fixed, Report: Day of week",2022-01-20,2022-01-20,00-04,DE,18,FALSE,2,57.7715,57,12.2710055227055,11.8608,38,40.95,47,49,57,65,67,73,80,86,0.999537059277469,2552.5270563288,1924.31206954573,43.9,2022-01-20
"Reference: Age, Report: Day of week",2022-01-20,2022-01-20,00-04,DE,18,FALSE,2,55.2865,54,11.7592328631065,11.8608,36,38,45,47,54,62,64,71,77,82.0249999999999,0.9997234924309,2455.24799930058,1807.19850731757,41,2022-01-20
"Reference: Age and week, Report: Day of week",2022-01-20,2022-01-20,00-04,DE,18,FALSE,2,55.8395,55,11.6751400076016,11.8608,36,39,46,47,55,63,65,71,77,82,1.00072143086375,2302.07839974196,1769.25047485189,42,2022-01-20
"Reference: Age and week by age, Report: Day of week",2022-01-20,2022-01-20,00-04,DE,18,FALSE,2,35.385,33,10.4884116237491,7.413,23,24,28,28,33,39,41.25,41.25,41.25,41.25,1.12207549288762,12.5921361617954,99.5161310130924,26,2022-01-20
"Independent by age, Reference: Week, Report: Day of week",2022-01-20,2022-01-20,00-04,DE,18,FALSE,1,60.5395,58,15.9329334692161,14.826,37,40,47,49,58,69,72,81,91,98,1.00024984960897,2004.11990865051,1862.32784473628,43,2022-01-20
"Independent by age, Reference: Week and day of week, Report: Day of week",2022-01-20,2022-01-20,00-04,DE,18,FALSE,1,60.4475,58,16.8601119639734,14.826,35,39,46,48,58,69.25,73,81.1000000000001,91,101,0.999841866618276,2171.24169999682,1590.75292014836,41.9,2022-01-20
"Reference: Fixed, Report: Fixed",2022-01-20,2021-12-12,05-14,DE,30,FALSE,3,30,30,0,0,30,30,30,30,30,30,30,30,30,30,,,,30,2022-01-20
"Reference: Fixed, Report: Day of week",2022-01-20,2021-12-12,05-14,DE,30,FALSE,3,30,30,0,0,30,30,30,30,30,30,30,30,30,30,,,,30,2022-01-20
"Reference: Age, Report: Day of week",2022-01-20,2021-12-12,05-14,DE,30,FALSE,3,30,30,0,0,30,30,30,30,30,30,30,30,30,30,,,,30,2022-01-20
"Reference: Age and week, Report: Day of week",2022-01-20,2021-12-12,05-14,DE,30,FALSE,3,30,30,0,0,30,30,30,30,30,30,30,30,30,30,,,,30,2022-01-20
"Reference: Age and week by age, Report: Day of week",2022-01-20,2021-12-12,05-14,DE,30,FALSE,3,29.985,30,0.670820393249937,0,30,30,30,30,30,30,30,30,30,30,1,2008.04825741572,,30,2022-01-20
"Independent by age, Reference: Week, Report: Day of week",2022-01-20,2021-12-12,05-14,DE,30,FALSE,1,30,30,0,0,30,30,30,30,30,30,30,30,30,30,,,,30,2022-01-20
"Independent by age, Reference: Week and day of week, Report: Day of week",2022-01-20,2021-12-12,05-14,DE,30,FALSE,1,30,30,0,0,30,30,30,30,30,30,30,30,30,30,,,,30,2022-01-20
"Reference: Fixed, Report: Fixed",2022-01-20,2021-12-13,05-14,DE,6,FALSE,3,6.023,6,0.1564712165889,0,6,6,6,6,6,6,6,6,6,6,0.999717090337853,1935.87444375389,1922.34885612954,6,2022-01-20
"Reference: Fixed, Report: Day of week",2022-01-20,2021-12-13,05-14,DE,6,FALSE,3,6.0015,6,0.0387104540095413,0,6,6,6,6,6,6,6,6,6,6,0.999333110962839,2013.45709777229,2013.45709777229,6,2022-01-20
"Reference: Age, Report: Day of week",2022-01-20,2021-12-13,05-14,DE,6,FALSE,3,6.003,6,0.0547037132937433,0,6,6,6,6,6,6,6,6,6,6,1.00011408145877,2017.99785430585,2017.99785430585,6,2022-01-20
"Reference: Age and week, Report: Day of week",2022-01-20,2021-12-13,05-14,DE,6,FALSE,3,6.003,6,0.0547037132937433,0,6,6,6,6,6,6,6,6,6,6,1.00100754072059,2016.17784320784,2016.17784320784,6,2022-01-20
"Reference: Age and week by age, Report: Day of week",2022-01-20,2021-12-13,05-14,DE,6,FALSE,3,5.9995,6,0.143213145355101,0,6,6,6,6,6,6,6,6,6,6,1.00016264852189,1523.94301920802,1436.20092438149,6,2022-01-20
"Independent by age, Reference: Week, Report: Day of week",2022-01-20,2021-12-13,05-14,DE,6,FALSE,1,6.029,6,0.176563267113086,0,6,6,6,6,6,6,6,6,6,7,0.999139099065545,1908.49800079002,1917.12111810701,6,2022-01-20
"Independent by age, Reference: Week and day of week, Report: Day of week",2022-01-20,2021-12-13,05-14,DE,6,FALSE,1,6.0785,6,0.30063755831688,0,6,6,6,6,6,6,6,6,7,7,1.00032519756433,1280.47418593463,1456.49267006293,6,2022-01-20
"Reference: Fixed, Report: Fixed",2022-01-20,2021-12-14,05-14,DE,14,FALSE,3,14.056,14,0.234289235183483,0,14,14,14,14,14,14,14,14,15,15,0.99932779738576,1978.65633969986,1986.23677969941,14,2022-01-20
"Reference: Fixed, Report: Day of week",2022-01-20,2021-12-14,05-14,DE,14,FALSE,3,14.0095,14,0.0970281259667232,0,14,14,14,14,14,14,14,14,14,14,0.999477477012461,1845.86577090313,1845.86577090313,14,2022-01-20
"Reference: Age, Report: Day of week",2022-01-20,2021-12-14,05-14,DE,14,FALSE,3,14.01,14,0.0995236277284853,0,14,14,14,14,14,14,14,14,14,14,0.999134063010154,2049.41998963142,2049.41998963142,14,2022-01-20
"Reference: Age and week, Report: Day of week",2022-01-20,2021-12-14,05-14,DE,14,FALSE,3,14.0055,14,0.0739762545897098,0,14,14,14,14,14,14,14,14,14,14,1.00055436347453,2027.42383084962,2027.42383084962,14,2022-01-20
"Reference: Age and week by age, Report: Day of week",2022-01-20,2021-12-14,05-14,DE,14,FALSE,3,13.997,14,0.319440168123086,0,14,14,14,14,14,14,14,14,14,14,1.0003491923631,2016.71873860234,2022.34005274624,14,2022-01-20
"Independent by age, Reference: Week, Report: Day of week",2022-01-20,2021-12-14,05-14,DE,14,FALSE,1,14.075,14,0.280025368678539,0,14,14,14,14,14,14,14,14,15,15,1.00196307845388,2065.50685515771,2018.90966924033,14,2022-01-20
"Independent by age, Reference: Week and day of week, Report: Day of week",2022-01-20,2021-12-14,05-14,DE,14,FALSE,1,14.0775,14,0.28902511613851,0,14,14,14,14,14,14,14,14,15,15,1.00129890516419,1838.99427327957,1681.41524998177,14,2022-01-20
"Reference: Fixed, Report: Fixed",2022-01-20,2021-12-15,05-14,DE,39,FALSE,3,39.1315,39,0.365067647421128,0,39,39,39,39,39,39,39,40,40,40,0.999359251088562,1992.33764112479,2032.09197871567,39,2022-01-20
"Reference: Fixed, Report: Day of week",2022-01-20,2021-12-15,05-14,DE,39,FALSE,3,39.0305,39,0.172001576362357,0,39,39,39,39,39,39,39,39,39,40,0.999557255178561,2141.25920187049,2141.25920187049,39,2022-01-20
"Reference: Age, Report: Day of week",2022-01-20,2021-12-15,05-14,DE,39,FALSE,3,39.039,39,0.196209707009012,0,39,39,39,39,39,39,39,39,39,40,0.99943506790776,2008.24676890398,2005.54096840133,39,2022-01-20
"Reference: Age and week, Report: Day of week",2022-01-20,2021-12-15,05-14,DE,39,FALSE,3,39.0425,39,0.206676335253403,0,39,39,39,39,39,39,39,39,39,40,1.00275927617737,1978.99011478594,1956.51559365973,39,2022-01-20
"Reference: Age and week by age, Report: Day of week",2022-01-20,2021-12-15,05-14,DE,39,FALSE,3,39.018,39,0.893350456158589,0,39,39,39,39,39,39,39,39,39,40,1.0014992266819,1810.85489334808,1821.68383523087,39,2022-01-20
"Independent by age, Reference: Week, Report: Day of week",2022-01-20,2021-12-15,05-14,DE,39,FALSE,1,39.211,39,0.458894641661976,0,39,39,39,39,39,39,39,40,40,40,0.999968833171942,1656.53997131813,1756.42291442182,39,2022-01-20
"Independent by age, Reference: Week and day of week, Report: Day of week",2022-01-20,2021-12-15,05-14,DE,39,FALSE,1,39.249,39,0.548770967515041,0,39,39,39,39,39,39,40,40,40,41,1.00022369191971,1791.28764793423,1897.93402812349,39,2022-01-20
"Reference: Fixed, Report: Fixed",2022-01-20,2021-12-16,05-14,DE,25,FALSE,3,25.1565,25,0.403843155999113,0,25,25,25,25,25,25,25,26,26,26,0.999505777822761,2143.61038673152,2063.0912539501,25,2022-01-20
"Reference: Fixed, Report: Day of week",2022-01-20,2021-12-16,05-14,DE,25,FALSE,3,25.0465,25,0.212979882183993,0,25,25,25,25,25,25,25,25,25,26,0.999335019606746,1976.60091748786,1973.22065022858,25,2022-01-20
"Reference: Age, Report: Day of week",2022-01-20,2021-12-16,05-14,DE,25,FALSE,3,25.0615,25,0.246471345316309,0,25,25,25,25,25,25,25,25,26,26,0.999638337317914,2037.88951226579,2011.64928917712,25,2022-01-20
"Reference: Age and week, Report: Day of week",2022-01-20,2021-12-16,05-14,DE,25,FALSE,3,25.056,25,0.240609531135482,0,25,25,25,25,25,25,25,25,26,26,0.999395881362317,2127.2383972209,2017.8156650338,25,2022-01-20
"Reference: Age and week by age, Report: Day of week",2022-01-20,2021-12-16,05-14,DE,25,FALSE,3,25.033,25,0.59924164180457,0,25,25,25,25,25,25,25,25,25,26,0.999333620705467,1959.57090835722,1957.81349165132,25,2022-01-20
"Independent by age, Reference: Week, Report: Day of week",2022-01-20,2021-12-16,05-14,DE,25,FALSE,1,25.198,25,0.442599081532584,0,25,25,25,25,25,25,25,26,26,26,1.00002886739608,1811.81641889435,1798.45382409546,25,2022-01-20
"Independent by age, Reference: Week and day of week, Report: Day of week",2022-01-20,2021-12-16,05-14,DE,25,FALSE,1,25.141,25,0.387548831824487,0,25,25,25,25,25,25,25,26,26,26,0.999530418497655,2044.11518629383,1966.11615964779,25,2022-01-20
"Reference: Fixed, Report: Fixed",2022-01-20,2021-12-17,05-14,DE,23,FALSE,3,23.209,23,0.455436835747481,0,23,23,23,23,23,23,23,24,24,24,0.999441170851663,1900.86176711986,1881.26419573125,23,2022-01-20
"Reference: Fixed, Report: Day of week",2022-01-20,2021-12-17,05-14,DE,23,FALSE,3,23.073,23,0.273328290114815,0,23,23,23,23,23,23,23,23,24,24,0.999466804779239,1728.56197079761,1750.90865392581,23,2022-01-20
"Reference: Age, Report: Day of week",2022-01-20,2021-12-17,05-14,DE,23,FALSE,3,23.073,23,0.273328290114815,0,23,23,23,23,23,23,23,23,24,24,0.999254666164675,1998.15131059342,1997.36034512097,23,2022-01-20
"Reference: Age and week, Report: Day of week",2022-01-20,2021-12-17,05-14,DE,23,FALSE,3,23.0705,23,0.265640796031517,0,23,23,23,23,23,23,23,23,24,24,1.0001879147138,1885.10181422219,1866.30777615338,23,2022-01-20
"Reference: Age and week by age, Report: Day of week",2022-01-20,2021-12-17,05-14,DE,23,FALSE,3,23.0575,23,0.579967180938269,0,23,23,23,23,23,23,23,23,24,24,0.99950044937926,1915.99245032137,1935.83717086236,23,2022-01-20
"Independent by age, Reference: Week, Report: Day of week",2022-01-20,2021-12-17,05-14,DE,23,FALSE,1,23.2205,23,0.491935717726603,0,23,23,23,23,23,23,23,24,24,25,1.000060789009,1827.00877430513,1831.02409408866,23,2022-01-20
"Independent by age, Reference: Week and day of week, Report: Day of week",2022-01-20,2021-12-17,05-14,DE,23,FALSE,1,23.218,23,0.483314386707244,0,23,23,23,23,23,23,23,24,24,24,0.999284674211907,1995.80603940983,1892.89561771449,23,2022-01-20
"Reference: Fixed, Report: Fixed",2022-01-20,2021-12-18,05-14,DE,27,FALSE,3,27.236,27,0.482099792683063,0,27,27,27,27,27,27,28,28,28,28,0.999820466062431,2013.77411879007,2010.57264340193,27,2022-01-20
"Reference: Fixed, Report: Day of week",2022-01-20,2021-12-18,05-14,DE,27,FALSE,3,27.107,27,0.326503142635834,0,27,27,27,27,27,27,27,28,28,28,0.999143225651369,1904.52825582124,1950.96954867342,27,2022-01-20
"Reference: Age, Report: Day of week",2022-01-20,2021-12-18,05-14,DE,27,FALSE,3,27.1055,27,0.326225323175164,0,27,27,27,27,27,27,27,27,28,28,0.999970794760944,2026.2065462882,1735.82817898152,27,2022-01-20
"Reference: Age and week, Report: Day of week",2022-01-20,2021-12-18,05-14,DE,27,FALSE,3,27.103,27,0.312153359520493,0,27,27,27,27,27,27,27,28,28,28,0.999261767081591,2028.27704810376,2012.67463932177,27,2022-01-20
"Reference: Age and week by age, Report: Day of week",2022-01-20,2021-12-18,05-14,DE,27,FALSE,3,27.0735,27,0.672550304405535,0,27,27,27,27,27,27,27,27,28,28,1.0001692269089,1901.48122732138,1961.23199290874,27,2022-01-20
"Independent by age, Reference: Week, Report: Day of week",2022-01-20,2021-12-18,05-14,DE,27,FALSE,1,27.328,27,0.590415358156928,0,27,27,27,27,27,28,28,28,28,29,1.0001874975087,1821.08254594866,1709.49665635414,27,2022-01-20
"Independent by age, Reference: Week and day of week, Report: Day of week",2022-01-20,2021-12-18,05-14,DE,27,FALSE,1,27.317,27,0.57851390577028,0,27,27,27,27,27,28,28,28,28,29,0.999674180555697,1639.64182328875,1509.17459308829,27,2022-01-20
"Reference: Fixed, Report: Fixed",2022-01-20,2021-12-19,05-14,DE,13,FALSE,3,13.211,13,0.457803223990338,0,13,13,13,13,13,13,13,14,14,14,1.00054574307481,1919.54728841123,1922.03154560021,13,2022-01-20
"Reference: Fixed, Report: Day of week",2022-01-20,2021-12-19,05-14,DE,13,FALSE,3,13.0965,13,0.303700291296315,0,13,13,13,13,13,13,13,13,14,14,1.00058804999034,1894.85279899793,1889.46241879978,13,2022-01-20
"Reference: Age, Report: Day of week",2022-01-20,2021-12-19,05-14,DE,13,FALSE,3,13.0915,13,0.303601444196926,0,13,13,13,13,13,13,13,13,14,14,1.00054709453781,1826.16507849272,1803.89630415175,13,2022-01-20
"Reference: Age and week, Report: Day of week",2022-01-20,2021-12-19,05-14,DE,13,FALSE,3,13.096,13,0.319115837054085,0,13,13,13,13,13,13,13,13,14,14,1.00032441519275,2001.74837584822,2003.65360012571,13,2022-01-20
"Reference: Age and week by age, Report: Day of week",2022-01-20,2021-12-19,05-14,DE,13,FALSE,3,13.0735,13,0.40765284301745,0,13,13,13,13,13,13,13,13,14,14,0.999858398745839,2060.43750534878,2021.26008082147,13,2022-01-20
"Independent by age, Reference: Week, Report: Day of week",2022-01-20,2021-12-19,05-14,DE,13,FALSE,1,13.2835,13,0.557927765661334,0,13,13,13,13,13,13,14,14,14,15,1.00086019661451,1800.5403222277,1803.38412008612,13,2022-01-20
"Independent by age, Reference: Week and day of week, Report: Day of week",2022-01-20,2021-12-19,05-14,DE,13,FALSE,1,13.468,13,0.755156361666432,0,13,13,13,13,13,14,14,14,15,15,1.00087031626988,1260.47879316586,1403.57197490068,13,2022-01-20
"Reference: Fixed, Report: Fixed",2022-01-20,2021-12-20,05-14,DE,9,FALSE,3,9.221,9,0.474627891951062,0,9,9,9,9,9,9,9,10,10,10,0.999739178441554,1830.81329931341,1847.98219031532,9,2022-01-20
"Reference: Fixed, Report: Day of week",2022-01-20,2021-12-20,05-14,DE,9,FALSE,3,9.102,9,0.329621487713682,0,9,9,9,9,9,9,9,9,10,10,0.999375810196426,1921.56965535998,1887.19110259434,9,2022-01-20
"Reference: Age, Report: Day of week",2022-01-20,2021-12-20,05-14,DE,9,FALSE,3,9.1035,9,0.320685468309358,0,9,9,9,9,9,9,9,9,10,10,0.999552309913821,2061.01412143592,2028.28119400207,9,2022-01-20
"Reference: Age and week, Report: Day of week",2022-01-20,2021-12-20,05-14,DE,9,FALSE,3,9.086,9,0.296053751727547,0,9,9,9,9,9,9,9,9,10,10,0.999417769579983,1928.5163332481,1941.53586009779,9,2022-01-20
"Reference: Age and week by age, Report: Day of week",2022-01-20,2021-12-20,05-14,DE,9,FALSE,3,9.089,9,0.367622868285752,0,9,9,9,9,9,9,9,9,10,10,1.00246169300586,1769.7198376695,1804.35698882609,9,2022-01-20
"Independent by age, Reference: Week, Report: Day of week",2022-01-20,2021-12-20,05-14,DE,9,FALSE,1,9.2515,9,0.507322814605365,0,9,9,9,9,9,9,10,10,10,11,1.00049051193449,2029.7684179323,1860.57320159228,9,2022-01-20
"Independent by age, Reference: Week and day of week, Report: Day of week",2022-01-20,2021-12-20,05-14,DE,9,FALSE,1,9.444,9,0.732210397381119,0,9,9,9,9,9,10,10,10,11,11,0.99952279005051,1475.88448390973,1569.13011619163,9,2022-01-20
"Reference: Fixed, Report: Fixed",2022-01-20,2021-12-21,05-14,DE,23,FALSE,3,23.3325,23,0.590862343659314,0,23,23,23,23,23,24,24,24,24,25,0.999577245606006,1874.03262984107,1741.38866085778,23,2022-01-20
"Reference: Fixed, Report: Day of week",2022-01-20,2021-12-21,05-14,DE,23,FALSE,3,23.157,23,0.401785659099387,0,23,23,23,23,23,23,23,24,24,24,0.99911704092528,2053.29860944594,2064.82328828307,23,2022-01-20
"Reference: Age, Report: Day of week",2022-01-20,2021-12-21,05-14,DE,23,FALSE,3,23.1535,23,0.39371977043173,0,23,23,23,23,23,23,23,24,24,24,1.00014594730848,1918.78299862757,1906.5960794843,23,2022-01-20
"Reference: Age and week, Report: Day of week",2022-01-20,2021-12-21,05-14,DE,23,FALSE,3,23.135,23,0.363099050481036,0,23,23,23,23,23,23,23,24,24,24,1.00005684649402,1929.07174668207,1933.81586715909,23,2022-01-20
"Reference: Age and week by age, Report: Day of week",2022-01-20,2021-12-21,05-14,DE,23,FALSE,3,23.1575,23,0.654910836757227,0,23,23,23,23,23,23,23,24,24,24,0.999055180043908,2075.05043522708,1942.99919525173,23,2022-01-20
"Independent by age, Reference: Week, Report: Day of week",2022-01-20,2021-12-21,05-14,DE,23,FALSE,1,23.329,23,0.571771336489173,0,23,23,23,23,23,24,24,24,24,25,1.00077400175425,1943.07352308269,2057.55626970742,23,2022-01-20
"Independent by age, Reference: Week and day of week, Report: Day of week",2022-01-20,2021-12-21,05-14,DE,23,FALSE,1,23.322,23,0.612783609340147,0,23,23,23,23,23,24,24,24,25,25,0.999023708248833,1880.93164726574,1914.83354029794,23,2022-01-20
"Reference: Fixed, Report: Fixed",2022-01-20,2021-12-22,05-14,DE,23,FALSE,3,23.367,23,0.625705005075625,0,23,23,23,23,23,24,24,24,25,25,0.99930770480727,2041.76519940243,2037.56524683462,23,2022-01-20
"Reference: Fixed, Report: Day of week",2022-01-20,2021-12-22,05-14,DE,23,FALSE,3,23.2395,23,0.49118263425135,0,23,23,23,23,23,23,24,24,24,25,0.999351022006284,1934.9544951758,1802.09918238941,23,2022-01-20
"Reference: Age, Report: Day of week",2022-01-20,2021-12-22,05-14,DE,23,FALSE,3,23.215,23,0.462473719221412,0,23,23,23,23,23,23,23,24,24,24,0.999112558472698,2185.87542166624,2060.60287111115,23,2022-01-20
"Reference: Age and week, Report: Day of week",2022-01-20,2021-12-22,05-14,DE,23,FALSE,3,23.1975,23,0.442257329812505,0,23,23,23,23,23,23,23,24,24,24,1.00020947552202,1783.58353390701,1732.72636292876,23,2022-01-20
"Reference: Age and week by age, Report: Day of week",2022-01-20,2021-12-22,05-14,DE,23,FALSE,3,23.2245,23,0.708767187066904,0,23,23,23,23,23,23,24,24,24,24,1.00112568077528,1999.59997224607,1975.97434866939,23,2022-01-20
"Independent by age, Reference: Week, Report: Day of week",2022-01-20,2021-12-22,05-14,DE,23,FALSE,1,23.418,23,0.67193879994791,0,23,23,23,23,23,24,24,24,25,25,1.00001603973975,2068.0696874655,2054.49274730904,23,2022-01-20
"Independent by age, Reference: Week and day of week, Report: Day of week",2022-01-20,2021-12-22,05-14,DE,23,FALSE,1,23.579,23,0.823467090431981,0,23,23,23,23,23,24,24,25,25,26,1.00190086012245,1618.82432067421,1676.44895214057,23,2022-01-20
"Reference: Fixed, Report: Fixed",2022-01-20,2021-12-23,05-14,DE,23,FALSE,3,23.3885,23,0.63148011335812,0,23,23,23,23,23,24,24,24,25,25,0.999729249872599,2079.04389574799,1731.1875092466,23,2022-01-20
"Reference: Fixed, Report: Day of week",2022-01-20,2021-12-23,05-14,DE,23,FALSE,3,23.281,23,0.528373531977755,0,23,23,23,23,23,23,24,24,24,25,0.999829976867869,1980.12918490751,1902.73923518803,23,2022-01-20
"Reference: Age, Report: Day of week",2022-01-20,2021-12-23,05-14,DE,23,FALSE,3,23.235,23,0.479468398304295,0,23,23,23,23,23,23,24,24,24,24,0.999778035573913,2063.6195171685,2085.73916656644,23,2022-01-20
"Reference: Age and week, Report: Day of week",2022-01-20,2021-12-23,05-14,DE,23,FALSE,3,23.2395,23,0.49118263425135,0,23,23,23,23,23,23,24,24,24,25,1.00058378711353,2041.89043810711,1958.25068668443,23,2022-01-20
"Reference: Age and week by age, Report: Day of week",2022-01-20,2021-12-23,05-14,DE,23,FALSE,3,23.224,23,0.714898272322633,0,23,23,23,23,23,23,24,24,24,25,0.999938701945507,2015.96407595732,1925.54722548236,23,2022-01-20
"Independent by age, Reference: Week, Report: Day of week",2022-01-20,2021-12-23,05-14,DE,23,FALSE,1,23.439,23,0.680081065114714,0,23,23,23,23,23,24,24,24,25,25,0.999400946237722,2054.01042069467,2021.1757789406,23,2022-01-20
"Independent by age, Reference: Week and day of week, Report: Day of week",2022-01-20,2021-12-23,05-14,DE,23,FALSE,1,23.2985,23,0.564408565238212,0,23,23,23,23,23,24,24,24,24,25,1.00135556209003,2089.69556433443,2117.00373136287,23,2022-01-20
"Reference: Fixed, Report: Fixed",2022-01-20,2021-12-24,05-14,DE,15,FALSE,3,15.3275,15,0.566042358817773,0,15,15,15,15,15,16,16,16,16,17,1.00037939436163,1795.47804844471,1752.97426695326,15,2022-01-20
"Reference: Fixed, Report: Day of week",2022-01-20,2021-12-24,05-14,DE,15,FALSE,3,15.2225,15,0.482814980248725,0,15,15,15,15,15,15,15,16,16,17,1.00026984655178,1873.87878390181,1895.95880951626,15,2022-01-20
"Reference: Age, Report: Day of week",2022-01-20,2021-12-24,05-14,DE,15,FALSE,3,15.233,15,0.486651224910976,0,15,15,15,15,15,15,16,16,16,17,0.999542249797989,2066.83244784767,1944.82361270818,15,2022-01-20
"Reference: Age and week, Report: Day of week",2022-01-20,2021-12-24,05-14,DE,15,FALSE,3,15.222,15,0.480449181191782,0,15,15,15,15,15,15,15,16,16,16,0.999589690477898,2050.1314013887,1758.18336720124,15,2022-01-20
"Reference: Age and week by age, Report: Day of week",2022-01-20,2021-12-24,05-14,DE,15,FALSE,3,15.185,15,0.549477900357686,0,15,15,15,15,15,15,15,16,16,16,1.00155368576742,1885.79038972002,1852.68295753443,15,2022-01-20
"Independent by age, Reference: Week, Report: Day of week",2022-01-20,2021-12-24,05-14,DE,15,FALSE,1,15.3705,15,0.617592470995328,0,15,15,15,15,15,16,16,16,17,17,0.999271589232617,1943.52516585156,1969.68364789644,15,2022-01-20
"Independent by age, Reference: Week and day of week, Report: Day of week",2022-01-20,2021-12-24,05-14,DE,15,FALSE,1,15.407,15,0.693246922566429,0,15,15,15,15,15,16,16,16,17,17,0.999517861716309,1927.9850842301,1962.08359611607,15,2022-01-20
"Reference: Fixed, Report: Fixed",2022-01-20,2021-12-25,05-14,DE,8,FALSE,3,8.2915,8,0.551978342007205,0,8,8,8,8,8,9,9,9,9,10,0.999569265521728,1880.58259569262,1925.479125139,8,2022-01-20
"Reference: Fixed, Report: Day of week",2022-01-20,2021-12-25,05-14,DE,8,FALSE,3,8.2305,8,0.486300312561074,0,8,8,8,8,8,8,9,9,9,9,0.999273318665191,2111.87570627508,1797.55334344283,8,2022-01-20
"Reference: Age, Report: Day of week",2022-01-20,2021-12-25,05-14,DE,8,FALSE,3,8.222,8,0.474160747223032,0,8,8,8,8,8,8,8,9,9,9,1.00089823815895,2122.09989468595,2063.15824996309,8,2022-01-20
"Reference: Age and week, Report: Day of week",2022-01-20,2021-12-25,05-14,DE,8,FALSE,3,8.1935,8,0.442894827147436,0,8,8,8,8,8,8,8,9,9,9,1.0008301729096,1940.5300817838,1873.49072329718,8,2022-01-20
"Reference: Age and week by age, Report: Day of week",2022-01-20,2021-12-25,05-14,DE,8,FALSE,3,8.175,8,0.46204084329249,0,8,8,8,8,8,8,8,9,9,9,1.00369413299183,2067.25145174617,2021.85182911829,8,2022-01-20
"Independent by age, Reference: Week, Report: Day of week",2022-01-20,2021-12-25,05-14,DE,8,FALSE,1,8.403,8,0.655595838113297,0,8,8,8,8,8,9,9,9,10,10,0.999488135375831,1880.82146253517,1844.47980898909,8,2022-01-20
"Independent by age, Reference: Week and day of week, Report: Day of week",2022-01-20,2021-12-25,05-14,DE,8,FALSE,1,8.4155,8,0.67237325415014,0,8,8,8,8,8,9,9,9,10,10,1.00070938125427,1732.37503649436,1907.15853609996,8,2022-01-20
"Reference: Fixed, Report: Fixed",2022-01-20,2021-12-26,05-14,DE,8,FALSE,3,8.3055,8,0.553464462685481,0,8,8,8,8,8,9,9,9,9,10,0.999645583220952,1934.59235003723,1935.43132857522,8,2022-01-20
"Reference: Fixed, Report: Day of week",2022-01-20,2021-12-26,05-14,DE,8,FALSE,3,8.21,8,0.46044109612577,0,8,8,8,8,8,8,8,9,9,9,0.999310614508036,1987.68801559397,1890.37067114035,8,2022-01-20
"Reference: Age, Report: Day of week",2022-01-20,2021-12-26,05-14,DE,8,FALSE,3,8.1775,8,0.419621008644047,0,8,8,8,8,8,8,8,9,9,9,0.999297560819302,2016.5031888212,2021.1882220755,8,2022-01-20
"Reference: Age and week, Report: Day of week",2022-01-20,2021-12-26,05-14,DE,8,FALSE,3,8.1845,8,0.42959518853568,0,8,8,8,8,8,8,8,9,9,9,0.999307360200245,2001.99603871036,1920.34963855532,8,2022-01-20
"Reference: Age and week by age, Report: Day of week",2022-01-20,2021-12-26,05-14,DE,8,FALSE,3,8.181,8,0.466205613261915,0,8,8,8,8,8,8,8,9,9,9,0.999072155508859,1912.05340578672,1879.66993880927,8,2022-01-20
"Independent by age, Reference: Week, Report: Day of week",2022-01-20,2021-12-26,05-14,DE,8,FALSE,1,8.363,8,0.612714215074758,0,8,8,8,8,8,9,9,9,10,10,1.00069566813138,1721.89944156582,1729.50718172242,8,2022-01-20
"Independent by age, Reference: Week and day of week, Report: Day of week",2022-01-20,2021-12-26,05-14,DE,8,FALSE,1,8.565,8,0.824084071729723,0,8,8,8,8,8,9,9,10,10,11,1.00062878794424,1563.34132615178,1797.83910657669,8,2022-01-20
"Reference: Fixed, Report: Fixed",2022-01-20,2021-12-27,05-14,DE,5,FALSE,3,5.3,5,0.555116273440546,0,5,5,5,5,5,6,6,6,6,7,1.00001489438751,1933.6656947382,1919.95662986286,5,2022-01-20
"Reference: Fixed, Report: Day of week",2022-01-20,2021-12-27,05-14,DE,5,FALSE,3,5.2115,5,0.465699675857786,0,5,5,5,5,5,5,5,6,6,6,1.00009415973193,1974.60874948632,1920.15607068146,5,2022-01-20
"Reference: Age, Report: Day of week",2022-01-20,2021-12-27,05-14,DE,5,FALSE,3,5.1625,5,0.408873255018392,0,5,5,5,5,5,5,5,6,6,6,0.999944527318098,2010.50900130433,1948.80728004227,5,2022-01-20
"Reference: Age and week, Report: Day of week",2022-01-20,2021-12-27,05-14,DE,5,FALSE,3,5.1875,5,0.437537963764137,0,5,5,5,5,5,5,5,6,6,6,1.0007746245151,1887.94137104186,1861.2785879623,5,2022-01-20
"Reference: Age and week by age, Report: Day of week",2022-01-20,2021-12-27,05-14,DE,5,FALSE,3,5.1415,5,0.404424937120453,0,5,5,5,5,5,5,5,6,6,6,1.01323448585822,1932.69187145241,1736.70819429904,5,2022-01-20
"Independent by age, Reference: Week, Report: Day of week",2022-01-20,2021-12-27,05-14,DE,5,FALSE,1,5.315,5,0.589871998392231,0,5,5,5,5,5,6,6,6,6,7,0.999166500732029,1928.44101369448,1953.06605003188,5,2022-01-20
"Independent by age, Reference: Week and day of week, Report: Day of week",2022-01-20,2021-12-27,05-14,DE,5,FALSE,1,5.535,5,0.805667145771061,0,5,5,5,5,5,6,6,7,7,8,1.0006452059702,1514.94382287357,1696.14584704345,5,2022-01-20
"Reference: Fixed, Report: Fixed",2022-01-20,2021-12-28,05-14,DE,10,FALSE,3,10.421,10,0.649592168204402,0,10,10,10,10,10,11,11,11,12,12,0.999083716500774,1940.76467002562,1945.03731194579,10,2022-01-20
"Reference: Fixed, Report: Day of week",2022-01-20,2021-12-28,05-14,DE,10,FALSE,3,10.259,10,0.514831550861912,0,10,10,10,10,10,10,11,11,11,11,0.999404365309737,1953.43536984445,1968.96575987226,10,2022-01-20
"Reference: Age, Report: Day of week",2022-01-20,2021-12-28,05-14,DE,10,FALSE,3,10.2065,10,0.447166332436189,0,10,10,10,10,10,10,10,11,11,11,0.999723640128954,1897.08752810369,1839.99886004294,10,2022-01-20
"Reference: Age and week, Report: Day of week",2022-01-20,2021-12-28,05-14,DE,10,FALSE,3,10.233,10,0.489725346962692,0,10,10,10,10,10,10,11,11,11,11,1.00063345862285,1899.92635804201,1895.63927121713,10,2022-01-20
"Reference: Age and week by age, Report: Day of week",2022-01-20,2021-12-28,05-14,DE,10,FALSE,3,10.2195,10,0.532411007343359,0,10,10,10,10,10,10,10,11,11,11,1.00038335021308,2009.43176769672,1966.03059280622,10,2022-01-20
"Independent by age, Reference: Week, Report: Day of week",2022-01-20,2021-12-28,05-14,DE,10,FALSE,1,10.3315,10,0.58888126186039,0,10,10,10,10,10,11,11,11,11,12,0.999202643851857,1988.62456125434,1963.45514909116,10,2022-01-20
"Independent by age, Reference: Week and day of week, Report: Day of week",2022-01-20,2021-12-28,05-14,DE,10,FALSE,1,10.355,10,0.640453035003366,0,10,10,10,10,10,11,11,11,12,12,1.00039417037625,2197.03350034456,1970.63698167484,10,2022-01-20
"Reference: Fixed, Report: Fixed",2022-01-20,2021-12-29,05-14,DE,17,FALSE,3,17.611,17,0.81915475171278,0,17,17,17,17,17,18,18,19,19,20,1.00116145959562,2003.42738179295,1943.66176657602,17,2022-01-20
"Reference: Fixed, Report: Day of week",2022-01-20,2021-12-29,05-14,DE,17,FALSE,3,17.407,17,0.637616089146572,0,17,17,17,17,17,18,18,18,19,19,0.999237890388761,2030.04599847681,1821.14391933314,17,2022-01-20
"Reference: Age, Report: Day of week",2022-01-20,2021-12-29,05-14,DE,17,FALSE,3,17.396,17,0.642176140243118,0,17,17,17,17,17,18,18,18,19,19,0.99964816023074,1982.40201167776,1804.69161615706,17,2022-01-20
"Reference: Age and week, Report: Day of week",2022-01-20,2021-12-29,05-14,DE,17,FALSE,3,17.4175,17,0.66212759833603,0,17,17,17,17,17,18,18,18,19,19,1.00053603419194,1861.63390437838,1870.00074711935,17,2022-01-20
"Reference: Age and week by age, Report: Day of week",2022-01-20,2021-12-29,05-14,DE,17,FALSE,3,17.371,17,0.72568747485097,0,17,17,17,17,17,18,18,18,19,19,1.00103394970737,1924.1484035911,1520.72864888613,17,2022-01-20
"Independent by age, Reference: Week, Report: Day of week",2022-01-20,2021-12-29,05-14,DE,17,FALSE,1,17.59,17,0.787534192941822,0,17,17,17,17,17,18,18,19,19,19,0.999363331767563,1941.69856929041,1897.90154826274,17,2022-01-20
"Independent by age, Reference: Week and day of week, Report: Day of week",2022-01-20,2021-12-29,05-14,DE,17,FALSE,1,17.737,17,0.936626731850746,0,17,17,17,17,17,18,18,19,19,20,0.999660864884758,1698.48397069532,1662.69484130226,17,2022-01-20
"Reference: Fixed, Report: Fixed",2022-01-20,2021-12-30,05-14,DE,13,FALSE,3,13.577,13,0.767701558446654,0,13,13,13,13,13,14,14,15,15,15,0.999181629563441,1908.51999144348,1918.53936695252,13,2022-01-20
"Reference: Fixed, Report: Day of week",2022-01-20,2021-12-30,05-14,DE,13,FALSE,3,13.468,13,0.68863132847212,0,13,13,13,13,13,14,14,14,15,15,0.999066963870372,2187.33414740437,2047.77905582631,13,2022-01-20
"Reference: Age, Report: Day of week",2022-01-20,2021-12-30,05-14,DE,13,FALSE,3,13.423,13,0.637396373592237,0,13,13,13,13,13,14,14,14,15,15,1.00036708201582,2060.89845503705,2013.41023111242,13,2022-01-20
"Reference: Age and week, Report: Day of week",2022-01-20,2021-12-30,05-14,DE,13,FALSE,3,13.4285,13,0.669411537025582,0,13,13,13,13,13,14,14,14,15,15,1.00041973980657,1864.63271195708,1904.32727346864,13,2022-01-20
"Reference: Age and week by age, Report: Day of week",2022-01-20,2021-12-30,05-14,DE,13,FALSE,3,13.5415,13,0.807839125089899,0,13,13,13,13,13,14,14,15,15,15,1.00939076592325,1664.57109913463,1597.39152289879,13,2022-01-20
"Independent by age, Reference: Week, Report: Day of week",2022-01-20,2021-12-30,05-14,DE,13,FALSE,1,13.531,13,0.765723296029996,0,13,13,13,13,13,14,14,15,15,15,0.999634420680098,1759.1729160463,1837.24429973529,13,2022-01-20
"Independent by age, Reference: Week and day of week, Report: Day of week",2022-01-20,2021-12-30,05-14,DE,13,FALSE,1,13.3735,13,0.65894981404407,0,13,13,13,13,13,14,14,14,15,15,1.00019628848584,1962.18212954852,1890.77185079911,13,2022-01-20
"Reference: Fixed, Report: Fixed",2022-01-20,2021-12-31,05-14,DE,10,FALSE,3,10.5675,10,0.755466157122395,0,10,10,10,10,10,11,11,12,12,12,0.999614061107909,1932.31544201465,1995.76968333472,10,2022-01-20
"Reference: Fixed, Report: Day of week",2022-01-20,2021-12-31,05-14,DE,10,FALSE,3,10.452,10,0.68332237248049,0,10,10,10,10,10,11,11,11,12,12,0.999552854882879,2154.19630718348,1553.28713318535,10,2022-01-20
"Reference: Age, Report: Day of week",2022-01-20,2021-12-31,05-14,DE,10,FALSE,3,10.464,10,0.702104319341235,0,10,10,10,10,10,11,11,11,12,12,1.00039041005679,2000.40868248033,1895.99394508064,10,2022-01-20
"Reference: Age and week, Report: Day of week",2022-01-20,2021-12-31,05-14,DE,10,FALSE,3,10.396,10,0.63591366795859,0,10,10,10,10,10,11,11,11,12,12,1.00121462167501,1926.09435499909,1813.73265939967,10,2022-01-20
"Reference: Age and week by age, Report: Day of week",2022-01-20,2021-12-31,05-14,DE,10,FALSE,3,10.4205,10,0.689867892320281,0,10,10,10,10,10,11,11,11,12,12,0.999529761061868,1943.80993035648,1968.16852481536,10,2022-01-20
"Independent by age, Reference: Week, Report: Day of week",2022-01-20,2021-12-31,05-14,DE,10,FALSE,1,10.622,10,0.805257859390428,0,10,10,10,10,10,11,11,12,12,13,1.00026507015132,1971.49122995605,1656.39095267393,10,2022-01-20
"Independent by age, Reference: Week and day of week, Report: Day of week",2022-01-20,2021-12-31,05-14,DE,10,FALSE,1,10.641,10,0.872639530318755,0,10,10,10,10,10,11,11,12,12,13,1.00002391761952,1902.36689917582,1805.90455612204,10,2022-01-20
"Reference: Fixed, Report: Fixed",2022-01-20,2022-01-01,05-14,DE,8,FALSE,3,8.518,8,0.739560325286159,0,8,8,8,8,8,9,9,10,10,10,0.999514463020498,1947.58153233146,1940.34904026198,8,2022-01-20
"Reference: Fixed, Report: Day of week",2022-01-20,2022-01-01,05-14,DE,8,FALSE,3,8.481,8,0.714768806834498,0,8,8,8,8,8,9,9,9,10,10,1.00049772269175,1944.20679100232,1840.0597615773,8,2022-01-20
"Reference: Age, Report: Day of week",2022-01-20,2022-01-01,05-14,DE,8,FALSE,3,8.47,8,0.698816264898037,0,8,8,8,8,8,9,9,9,10,10,1.00103324409799,1934.18712428036,1892.08902595437,8,2022-01-20
"Reference: Age and week, Report: Day of week",2022-01-20,2022-01-01,05-14,DE,8,FALSE,3,8.4445,8,0.667939234819086,0,8,8,8,8,8,9,9,9,10,10,0.999664110678046,2181.33549286131,1917.60736887091,8,2022-01-20
"Reference: Age and week by age, Report: Day of week",2022-01-20,2022-01-01,05-14,DE,8,FALSE,3,8.565,8,0.787454787604508,0,8,8,8,8,8,9,9,10,10,10,1.00913940600302,1733.73312324018,1726.00949819925,8,2022-01-20
"Independent by age, Reference: Week, Report: Day of week",2022-01-20,2022-01-01,05-14,DE,8,FALSE,1,8.707,8,0.894735310378337,0,8,8,8,8,8,9,9,10,10,11,0.999195698692263,1820.87961102979,1857.74072529946,8,2022-01-20
"Independent by age, Reference: Week and day of week, Report: Day of week",2022-01-20,2022-01-01,05-14,DE,8,FALSE,1,8.696,8,0.932748095417381,0,8,8,8,8,8,9,9,10,10,11,0.999588678209378,1892.74173174087,1973.50608716872,8,2022-01-20
"Reference: Fixed, Report: Fixed",2022-01-20,2022-01-02,05-14,DE,3,FALSE,3,3.533,3,0.754450527071789,0,3,3,3,3,3,4,4,4,5,5,0.999195964197907,2012.06755394184,1908.09787197459,3,2022-01-20
"Reference: Fixed, Report: Day of week",2022-01-20,2022-01-02,05-14,DE,3,FALSE,3,3.4395,3,0.693960042271985,0,3,3,3,3,3,4,4,4,5,5,1.00106229177995,1962.9338525031,1531.35475549443,3,2022-01-20
"Reference: Age, Report: Day of week",2022-01-20,2022-01-02,05-14,DE,3,FALSE,3,3.3885,3,0.629099064390028,0,3,3,3,3,3,4,4,4,5,5,0.999398225679457,2029.64320476233,1632.36257558676,3,2022-01-20
"Reference: Age and week, Report: Day of week",2022-01-20,2022-01-02,05-14,DE,3,FALSE,3,3.3995,3,0.648930123474459,0,3,3,3,3,3,4,4,4,5,5,1.00001004709631,1980.9235004658,1765.72089400306,3,2022-01-20
"Reference: Age and week by age, Report: Day of week",2022-01-20,2022-01-02,05-14,DE,3,FALSE,3,3.4015,3,0.650776078810812,0,3,3,3,3,3,3.75,3.75,3.75,3.75,3.75,0.999510132610175,1904.69426418109,1948.95903993976,3,2022-01-20
"Independent by age, Reference: Week, Report: Day of week",2022-01-20,2022-01-02,05-14,DE,3,FALSE,1,3.5925,3,0.81164840698931,0,3,3,3,3,3,4,4,5,5,6,0.99910560282554,1866.92771585278,1782.78119147613,3,2022-01-20
"Independent by age, Reference: Week and day of week, Report: Day of week",2022-01-20,2022-01-02,05-14,DE,3,FALSE,1,3.762,4,0.937440876908432,1.4826,3,3,3,3,4,4,4,5,6,6,1.0001666055547,1649.62566014863,1736.1573698839,3,2022-01-20
"Reference: Fixed, Report: Fixed",2022-01-20,2022-01-03,05-14,DE,7,FALSE,3,7.7385,8,0.89191676055217,1.4826,7,7,7,7,8,8,8,9,10,10,1.00080004746914,2144.70417065961,2038.69869022189,7,2022-01-20
"Reference: Fixed, Report: Day of week",2022-01-20,2022-01-03,05-14,DE,7,FALSE,3,7.508,7,0.716374620082362,0,7,7,7,7,7,8,8,8,9,9,1.00039729420924,2044.84502149136,1469.702017436,7,2022-01-20
"Reference: Age, Report: Day of week",2022-01-20,2022-01-03,05-14,DE,7,FALSE,3,7.491,7,0.728137412887171,0,7,7,7,7,7,8,8,8.10000000000014,9,9,0.99935301381902,2011.79973084145,2009.55728361514,7,2022-01-20
"Reference: Age and week, Report: Day of week",2022-01-20,2022-01-03,05-14,DE,7,FALSE,3,7.488,7,0.72119072236754,0,7,7,7,7,7,8,8,8,9,9,0.999942712001496,1819.33313320257,1826.36359720821,7,2022-01-20
"Reference: Age and week by age, Report: Day of week",2022-01-20,2022-01-03,05-14,DE,7,FALSE,3,7.5025,7,0.745836366733998,0,7,7,7,7,7,8,8,8,8.75,8.75,1.00439535757203,1784.83943758725,1873.56522539964,7,2022-01-20
"Independent by age, Reference: Week, Report: Day of week",2022-01-20,2022-01-03,05-14,DE,7,FALSE,1,7.736,8,0.906484890899299,1.4826,7,7,7,7,8,8,8,9,9,10,0.999930879219141,2071.10219301254,1948.75171644896,7,2022-01-20
"Independent by age, Reference: Week and day of week, Report: Day of week",2022-01-20,2022-01-03,05-14,DE,7,FALSE,1,7.998,8,1.16433407444705,1.4826,7,7,7,7,8,9,9,9,10,11,0.999703157401524,1414.52560323584,1622.89811884325,7,2022-01-20
"Reference: Fixed, Report: Fixed",2022-01-20,2022-01-04,05-14,DE,17,FALSE,3,17.9905,18,1.00594021087435,1.4826,17,17,17,17,18,19,19,19,20,20,1.00096419746258,2062.54745984919,2002.24470302916,17,2022-01-20
"Reference: Fixed, Report: Day of week",2022-01-20,2022-01-04,05-14,DE,17,FALSE,3,17.7485,18,0.886927883503088,1.4826,17,17,17,17,18,18,18,19,19,20,1.00086539391898,1953.89527296644,1892.43046711114,17,2022-01-20
"Reference: Age, Report: Day of week",2022-01-20,2022-01-04,05-14,DE,17,FALSE,3,17.706,17.5,0.86193704395035,0.7413,17,17,17,17,17.5,18,18,19,19,20,1.00139524774399,1938.66796582648,1703.67116912933,17,2022-01-20
"Reference: Age and week, Report: Day of week",2022-01-20,2022-01-04,05-14,DE,17,FALSE,3,17.6875,17,0.833181160026264,0,17,17,17,17,17,18,18,19,19,20,0.999216065529232,1801.8460645689,1880.78223513835,17,2022-01-20
"Reference: Age and week by age, Report: Day of week",2022-01-20,2022-01-04,05-14,DE,17,FALSE,3,17.8165,18,0.99816126600689,1.4826,17,17,17,17,18,18,19,19,20,20,1.00414668088262,2075.30672266644,1986.33372830083,17,2022-01-20
"Independent by age, Reference: Week, Report: Day of week",2022-01-20,2022-01-04,05-14,DE,17,FALSE,1,17.927,18,1.04317549221297,1.4826,17,17,17,17,18,18,19,19,20,20.0249999999999,0.999537131215478,2038.7934766405,1803.26016768573,17,2022-01-20
"Independent by age, Reference: Week and day of week, Report: Day of week",2022-01-20,2022-01-04,05-14,DE,17,FALSE,1,17.9195,18,1.06470021286353,1.4826,17,17,17,17,18,18,19,19,20,21,1.00238670907939,1753.0074081627,1802.47688548766,17,2022-01-20
"Reference: Fixed, Report: Fixed",2022-01-20,2022-01-05,05-14,DE,9,FALSE,3,10.11,10,1.11737382380789,1.4826,9,9,9,9,10,11,11,12,12,13,0.999639199048105,2339.88555251692,2057.46158754197,9,2022-01-20
"Reference: Fixed, Report: Day of week",2022-01-20,2022-01-05,05-14,DE,9,FALSE,3,9.745,10,0.874847231715012,1.4826,9,9,9,9,10,10,10,11,11,12,1.00343429512033,2040.18086392369,2038.56052178024,9,2022-01-20
"Reference: Age, Report: Day of week",2022-01-20,2022-01-05,05-14,DE,9,FALSE,3,9.751,10,0.879992155133526,1.4826,9,9,9,9,10,10,10,11,11,12,1.00151288979993,1834.88906068456,1686.11055915618,9,2022-01-20
"Reference: Age and week, Report: Day of week",2022-01-20,2022-01-05,05-14,DE,9,FALSE,3,9.7575,10,0.897271585501889,1.4826,9,9,9,9,10,10,10,11,11,12,1.00089730428572,1995.84641053826,1979.56117968907,9,2022-01-20
"Reference: Age and week by age, Report: Day of week",2022-01-20,2022-01-05,05-14,DE,9,FALSE,3,9.6295,9,0.862903268637634,0,9,9,9,9,9,10,10,11,11,11.25,1.02784658171702,111.636906350137,1164.65939242613,9,2022-01-20
"Independent by age, Reference: Week, Report: Day of week",2022-01-20,2022-01-05,05-14,DE,9,FALSE,1,9.9845,10,1.04728608988998,1.4826,9,9,9,9,10,11,11,11,12,13,0.999606976138908,1978.36604694411,1954.01249284737,9,2022-01-20
"Independent by age, Reference: Week and day of week, Report: Day of week",2022-01-20,2022-01-05,05-14,DE,9,FALSE,1,10.072,10,1.09472152057215,1.4826,9,9,9,9,10,11,11,12,12,13,1.00121369241303,2019.29493970912,1730.81912525043,9,2022-01-20
"Reference: Fixed, Report: Fixed",2022-01-20,2022-01-06,05-14,DE,12,FALSE,3,13.504,13,1.32357845629376,1.4826,12,12,12,12,13,14,14,15,16,17,0.999265695477658,1978.45841339178,1889.50201309205,12,2022-01-20
"Reference: Fixed, Report: Day of week",2022-01-20,2022-01-06,05-14,DE,12,FALSE,3,13.1915,13,1.13554942043185,1.4826,12,12,12,12,13,14,14,15,15,16,0.999903453192495,2158.00299861292,1993.00096539845,12,2022-01-20
"Reference: Age, Report: Day of week",2022-01-20,2022-01-06,05-14,DE,12,FALSE,3,13.1205,13,1.1241047797149,1.4826,12,12,12,12,13,14,14,15,15,16,0.999650346042655,2022.64609703834,1941.27185937761,12,2022-01-20
"Reference: Age and week, Report: Day of week",2022-01-20,2022-01-06,05-14,DE,12,FALSE,3,13.1055,13,1.09543130084339,1.4826,12,12,12,12,13,14,14,15,15,16,1.00103828370033,2058.68616476332,1928.27141054621,12,2022-01-20
"Reference: Age and week by age, Report: Day of week",2022-01-20,2022-01-06,05-14,DE,12,FALSE,3,13.045,13,1.10253471210466,1.4826,12,12,12,12,13,14,14,14,15,16,1.00799888374757,1236.94667743535,1918.56391709893,12,2022-01-20
"Independent by age, Reference: Week, Report: Day of week",2022-01-20,2022-01-06,05-14,DE,12,FALSE,1,13.3245,13,1.26015623907254,1.4826,12,12,12,12,13,14,14,15,16,16,0.99963282256692,1982.01479165824,1993.40943978183,12,2022-01-20
"Independent by age, Reference: Week and day of week, Report: Day of week",2022-01-20,2022-01-06,05-14,DE,12,FALSE,1,12.927,13,1.12084751397092,1.4826,12,12,12,12,13,13,14,14,15,16,1.00225896017912,1670.01611374916,1655.80892013871,12,2022-01-20
"Reference: Fixed, Report: Fixed",2022-01-20,2022-01-07,05-14,DE,19,FALSE,3,21.083,21,1.5110435553991,1.4826,19,19,20,20,21,22,22,23,24,25,1.00062011126381,2107.34357802265,1924.45965606949,19,2022-01-20
"Reference: Fixed, Report: Day of week",2022-01-20,2022-01-07,05-14,DE,19,FALSE,3,20.8805,21,1.4192346047894,1.4826,19,19,20,20,21,22,22,23,23,24,1.00127467839607,2075.41274192312,1909.09672050969,19,2022-01-20
"Reference: Age, Report: Day of week",2022-01-20,2022-01-07,05-14,DE,19,FALSE,3,20.8145,21,1.40679752972659,1.4826,19,19,20,20,21,22,22,23,23,24,1.00094973595663,2092.91066639233,1864.36985297155,19,2022-01-20
"Reference: Age and week, Report: Day of week",2022-01-20,2022-01-07,05-14,DE,19,FALSE,3,20.789,21,1.42460301378083,1.4826,19,19,20,20,21,22,22,23,23,24,1.00059014074826,1927.93663082525,1945.43750187662,19,2022-01-20
"Reference: Age and week by age, Report: Day of week",2022-01-20,2022-01-07,05-14,DE,19,FALSE,3,20.7735,21,1.42906223077573,1.4826,19,19,20,20,21,22,22,23,23,24,1.01134540851562,1497.48817592455,1747.63056409248,19,2022-01-20
"Independent by age, Reference: Week, Report: Day of week",2022-01-20,2022-01-07,05-14,DE,19,FALSE,1,20.9625,21,1.56407062131293,1.4826,19,19,20,20,21,22,22,23,24,25,0.999824814496693,1920.60004313544,1966.97662014833,19,2022-01-20
"Independent by age, Reference: Week and day of week, Report: Day of week",2022-01-20,2022-01-07,05-14,DE,19,FALSE,1,20.8445,21,1.57243633512267,1.4826,19,19,19,20,21,22,22,23,24,25,0.999854538940812,1957.75548171324,1971.85279477509,19,2022-01-20
"Reference: Fixed, Report: Fixed",2022-01-20,2022-01-08,05-14,DE,20,FALSE,3,22.637,22,1.7879679568458,1.4826,20,20,21,21,22,24,24,25,26,27,1.00022523171339,2009.06763754163,1865.1925962871,21,2022-01-20
"Reference: Fixed, Report: Day of week",2022-01-20,2022-01-08,05-14,DE,20,FALSE,3,22.5995,22,1.68271076176326,1.4826,20,20,21,21,22,24,24,25,26,26,1.00114189562298,1815.55304927994,2016.71077970429,21,2022-01-20
"Reference: Age, Report: Day of week",2022-01-20,2022-01-08,05-14,DE,20,FALSE,3,22.565,22,1.6757622413531,1.4826,20,20,21,21,22,24,24,25,26,26,1.00012128890564,1878.05653987501,1791.50791481475,21,2022-01-20
"Reference: Age and week, Report: Day of week",2022-01-20,2022-01-08,05-14,DE,20,FALSE,3,22.472,22,1.71250761784308,1.4826,20,20,21,21,22,23,24,25,26,26,1.00030068074674,2050.37425540626,1923.02717703388,20,2022-01-20
"Reference: Age and week by age, Report: Day of week",2022-01-20,2022-01-08,05-14,DE,20,FALSE,3,22.529,22,1.78990527135941,1.4826,20,20,21,21,22,24,24,25,26,27,1.00089734817767,1909.01211913136,1440.18571166087,21,2022-01-20
"Independent by age, Reference: Week, Report: Day of week",2022-01-20,2022-01-08,05-14,DE,20,FALSE,1,23.3775,23,2.29142293336035,1.4826,20,20,21,22,23,25,25,26,28,29,0.999970801751848,2042.99888404034,1961.51452610472,21,2022-01-20
"Independent by age, Reference: Week and day of week, Report: Day of week",2022-01-20,2022-01-08,05-14,DE,20,FALSE,1,23.0865,23,2.26375352899118,1.4826,20,20,21,21,23,24,25,26,27,29,1.00139951290485,1843.10677285731,1814.09612386981,21,2022-01-20
"Reference: Fixed, Report: Fixed",2022-01-20,2022-01-09,05-14,DE,18,FALSE,3,20.889,21,1.83285533508231,1.4826,18,18,19,20,21,22,22,23,24,25,1.00006236969732,1959.801492578,1772.63176306503,19,2022-01-20
"Reference: Fixed, Report: Day of week",2022-01-20,2022-01-09,05-14,DE,18,FALSE,3,20.906,21,1.83435177193787,1.4826,18,18,19,20,21,22,22,23,24,25,0.999614472439387,2070.63182172534,1792.08851755888,19,2022-01-20
"Reference: Age, Report: Day of week",2022-01-20,2022-01-09,05-14,DE,18,FALSE,3,20.773,21,1.80972609924185,1.4826,18,18,19,19,21,22,22,23,24,25,1.00100589861532,2004.28656048184,1884.24563153257,19,2022-01-20
"Reference: Age and week, Report: Day of week",2022-01-20,2022-01-09,05-14,DE,18,FALSE,3,20.8515,21,1.77708378063098,1.4826,18,18,19,20,21,22,22,23,24,25,1.00045308527091,2074.44990211847,2009.16088166056,19,2022-01-20
"Reference: Age and week by age, Report: Day of week",2022-01-20,2022-01-09,05-14,DE,18,FALSE,3,20.5205,20,1.70059570823916,1.4826,18,18,19,19,20,21,22,23,24,24,1.00606461994537,1704.0170262187,1477.0261146869,19,2022-01-20
"Independent by age, Reference: Week, Report: Day of week",2022-01-20,2022-01-09,05-14,DE,18,FALSE,1,21.7225,21,2.36310936965399,1.4826,18,18,20,20,21,23,23,25,26,27,0.999976477576105,1939.27542866913,1939.85414304458,19,2022-01-20
"Independent by age, Reference: Week and day of week, Report: Day of week",2022-01-20,2022-01-09,05-14,DE,18,FALSE,1,22.402,22,2.64648785165821,2.9652,18,19,20,20,22,24,24,26,27,29,1.00176474737242,1488.1512312194,1642.33177052112,19,2022-01-20
"Reference: Fixed, Report: Fixed",2022-01-20,2022-01-10,05-14,DE,10,FALSE,3,12.972,13,1.88997407416094,1.4826,10,10,11,12,13,14,14,15,16,17,1.00029246541256,2017.94986583913,1821.27217149324,11,2022-01-20
"Reference: Fixed, Report: Day of week",2022-01-20,2022-01-10,05-14,DE,10,FALSE,3,12.3485,12,1.63290567408844,1.4826,10,10,11,11,12,13,14,15,15,16,1.00016748159412,1806.64473241621,1661.71379737806,10,2022-01-20
"Reference: Age, Report: Day of week",2022-01-20,2022-01-10,05-14,DE,10,FALSE,3,12.3115,12,1.57914996352584,1.4826,10,10,11,11,12,13,14,14,15,16,0.999785875811774,1877.16089434209,2030.19582610851,10,2022-01-20
"Reference: Age and week, Report: Day of week",2022-01-20,2022-01-10,05-14,DE,10,FALSE,3,12.357,12,1.63734280030874,1.4826,10,10,11,11,12,13,14,15,15,16,1.00174499436041,1836.53402616623,1843.41831263059,10,2022-01-20
"Reference: Age and week by age, Report: Day of week",2022-01-20,2022-01-10,05-14,DE,10,FALSE,3,12.1495,12,1.53470759876494,1.4826,10,10,11,11,12,13,13,14,15,15,1.00063488851882,1932.97583370984,1731.53910593249,10,2022-01-20
"Independent by age, Reference: Week, Report: Day of week",2022-01-20,2022-01-10,05-14,DE,10,FALSE,1,13.1035,13,2.14314821982663,1.4826,10,10,11,11.75,13,14,15,16,17,18,1.00059598944959,1899.75300002243,1855.85052084809,11,2022-01-20
"Independent by age, Reference: Week and day of week, Report: Day of week",2022-01-20,2022-01-10,05-14,DE,10,FALSE,1,13.5825,13,2.43293101559895,2.9652,10,10.95,12,12,13,15,15,17,18,19,1.00061483715911,876.184798077128,1123.21690615054,11,2022-01-20
"Reference: Fixed, Report: Fixed",2022-01-20,2022-01-11,05-14,DE,18,FALSE,3,22.203,22,2.32690744317959,1.4826,18,19,20,21,22,24,24,25,27,28,0.99968548649753,2067.76344203508,2076.04430659407,19.9,2022-01-20
"Reference: Fixed, Report: Day of week",2022-01-20,2022-01-11,05-14,DE,18,FALSE,3,21.027,21,1.8332897958964,1.4826,18,18,19,20,21,22,22,23,24,25,1.00036877583643,1956.54826790043,2038.03461950512,19,2022-01-20
"Reference: Age, Report: Day of week",2022-01-20,2022-01-11,05-14,DE,18,FALSE,3,20.9555,21,1.86661776508756,1.4826,18,18,19,20,21,22,22,23,24.05,25,1.00177370607707,2190.25335506265,1920.82902249921,19,2022-01-20
"Reference: Age and week, Report: Day of week",2022-01-20,2022-01-11,05-14,DE,18,FALSE,3,20.867,21,1.79664269193439,1.4826,18,18,19,20,21,22,22,23,24,25,1.00030687259703,2202.66897640062,2059.10535311437,19,2022-01-20
"Reference: Age and week by age, Report: Day of week",2022-01-20,2022-01-11,05-14,DE,18,FALSE,3,21.5145,21,2.19321564088525,1.4826,18,19,20,20,21,23,23,24,25,26,1.11220618584519,12.3273918083847,44.9718771863553,19,2022-01-20
"Independent by age, Reference: Week, Report: Day of week",2022-01-20,2022-01-11,05-14,DE,18,FALSE,1,21.8085,21,2.35533470037177,1.4826,18,19,20,20,21,23,24,25,26,27,0.999663797192404,2108.0116137792,2074.01253144312,19,2022-01-20
"Independent by age, Reference: Week and day of week, Report: Day of week",2022-01-20,2022-01-11,05-14,DE,18,FALSE,1,21.406,21,2.37360084902564,1.4826,18,18,19,20,21,23,23,24.1000000000001,26,27,1.00122114972068,1856.76095881423,1814.15333552391,19,2022-01-20
"Reference: Fixed, Report: Fixed",2022-01-20,2022-01-12,05-14,DE,30,FALSE,3,36.517,36,3.07610829151227,2.9652,32,32,34,34,36,38,39,41,42,43.0249999999999,1.00016258107753,2172.00791925078,1956.91603141831,33,2022-01-20
"Reference: Fixed, Report: Day of week",2022-01-20,2022-01-12,05-14,DE,30,FALSE,3,35.503,35,2.56149792813071,2.9652,31,32,33,34,35,37,38,39,40,41,0.999498764324465,2206.18621923957,2043.24087872697,32,2022-01-20
"Reference: Age, Report: Day of week",2022-01-20,2022-01-12,05-14,DE,30,FALSE,3,35.255,35,2.47083538783078,2.9652,31,32,33,33.75,35,37,37,38.1000000000001,40,41,1.00382257787657,1990.10168607051,1954.96018721464,32,2022-01-20
"Reference: Age and week, Report: Day of week",2022-01-20,2022-01-12,05-14,DE,30,FALSE,3,35.1905,35,2.45096172076969,2.9652,31,31.95,33,33,35,37,37,38,39.05,40,1.0005056256502,1925.00475759694,1806.55328884379,32,2022-01-20
"Reference: Age and week by age, Report: Day of week",2022-01-20,2022-01-12,05-14,DE,30,FALSE,3,35.944,36,2.75202667599947,2.9652,31,32,34,34,36,38,38,39,41,41,1.02113305117391,173.356157230558,1371.29770273415,33,2022-01-20
"Independent by age, Reference: Week, Report: Day of week",2022-01-20,2022-01-12,05-14,DE,30,FALSE,1,36.781,36,3.647148179732,2.9652,31,32,34,34,36,39,39,42,43,45,1.00342352477571,1782.56718998201,1711.52487463921,33,2022-01-20
"Independent by age, Reference: Week and day of week, Report: Day of week",2022-01-20,2022-01-12,05-14,DE,30,FALSE,1,36.6035,36,3.60885018389859,2.9652,31,32,34,34,36,39,39,41,43,45,1.00167313215956,1851.35317044028,1741.59196891992,32,2022-01-20
"Reference: Fixed, Report: Fixed",2022-01-20,2022-01-13,05-14,DE,38,FALSE,3,46.669,46,3.60012770047534,2.9652,41,41,44,44,46,49,50,52,53,55,1.00093205019493,2242.87962702707,1902.23816505572,42,2022-01-20
"Reference: Fixed, Report: Day of week",2022-01-20,2022-01-13,05-14,DE,38,FALSE,3,46.648,46,3.34375333168755,2.9652,41,42,44,44,46,49,49,51,53,54,0.999478317185669,2276.78357386728,2058.57056835363,43,2022-01-20
"Reference: Age, Report: Day of week",2022-01-20,2022-01-13,05-14,DE,38,FALSE,3,46.384,46,3.22796435496715,2.9652,41,42,44,44,46,48,49,51,52,54,1.00144370835714,2172.11043142431,1907.18678981052,43,2022-01-20
"Reference: Age and week, Report: Day of week",2022-01-20,2022-01-13,05-14,DE,38,FALSE,3,46.386,46,3.36922540651705,2.9652,41,41,44,44,46,48,49,51,52,54,0.99996954723133,1942.80901252162,1876.01797218668,42,2022-01-20
"Reference: Age and week by age, Report: Day of week",2022-01-20,2022-01-13,05-14,DE,38,FALSE,3,46.096,46,3.35565406546973,2.9652,41,41,43,44,46,48,48,50,52,53,1.00641630105894,1816.30546996432,1848.75868414069,42,2022-01-20
"Independent by age, Reference: Week, Report: Day of week",2022-01-20,2022-01-13,05-14,DE,38,FALSE,1,47.201,47,4.37814836335474,4.4478,40.975,41,44,44,47,50,50,53,55,57.0249999999999,1.00294612849903,1743.38538507915,1760.60205467009,42,2022-01-20
"Independent by age, Reference: Week and day of week, Report: Day of week",2022-01-20,2022-01-13,05-14,DE,38,FALSE,1,44.6125,44,4.21500022104765,4.4478,39,39,41,42,44,47,48,50,53,55,1.00027615935023,1393.22649017203,1756.64904408604,40,2022-01-20
"Reference: Fixed, Report: Fixed",2022-01-20,2022-01-14,05-14,DE,24,FALSE,3,32.8315,32,3.73725718885493,2.9652,27,28,30,30,32,35,36,38,40,41,0.999510034557339,2389.19451437923,2082.10726076519,28,2022-01-20
"Reference: Fixed, Report: Day of week",2022-01-20,2022-01-14,05-14,DE,24,FALSE,3,32.7365,32,3.36774978573374,2.9652,27,28,30,30,32,35,35,37,39,40,0.99998859259143,2038.32262012791,2046.53903841356,29,2022-01-20
"Reference: Age, Report: Day of week",2022-01-20,2022-01-14,05-14,DE,24,FALSE,3,32.713,32,3.43008946776588,2.9652,27,28,30,30,32,35,35,37,39,40,0.999766110444824,2226.10183606904,1960.04380662274,29,2022-01-20
"Reference: Age and week, Report: Day of week",2022-01-20,2022-01-14,05-14,DE,24,FALSE,3,32.6135,32,3.35853504207034,2.9652,27,28,30,30,32,35,35,37,38,40,1.00000334127568,1984.44975262748,2035.91198432065,28,2022-01-20
"Reference: Age and week by age, Report: Day of week",2022-01-20,2022-01-14,05-14,DE,24,FALSE,3,31.3915,31,3.27423090878179,2.9652,26,27,29,29,31,33,34,36,37,38,1.05884684969112,27.4093924923883,355.351265646128,28,2022-01-20
"Independent by age, Reference: Week, Report: Day of week",2022-01-20,2022-01-14,05-14,DE,24,FALSE,1,32.874,32,4.18985697258574,4.4478,26,27,29,30,32,35,36,38,41,43,1.00193198854853,1619.6530404808,1969.60464217152,28,2022-01-20
"Independent by age, Reference: Week and day of week, Report: Day of week",2022-01-20,2022-01-14,05-14,DE,24,FALSE,1,31.6455,31,4.02180521763602,4.4478,25,26,28,29,31,34,35,37,39,41,1.00114774927,1797.87090559403,1906.17281292299,27,2022-01-20
"Reference: Fixed, Report: Fixed",2022-01-20,2022-01-15,05-14,DE,33,FALSE,3,43.836,43,4.30806031664436,4.4478,37,38,40,41,43,46,47,50,52,53,1.00060183143383,1994.60135909371,2023.70411403204,39,2022-01-20
"Reference: Fixed, Report: Day of week",2022-01-20,2022-01-15,05-14,DE,33,FALSE,3,45.7725,45,4.37759356412931,4.4478,38,39,42,43,45,49,49,51.1000000000001,53,55,0.999843794510157,2116.87204811233,1975.92603466581,41,2022-01-20
"Reference: Age, Report: Day of week",2022-01-20,2022-01-15,05-14,DE,33,FALSE,3,44.9755,45,4.18433436487078,4.4478,38,39,41,42,45,48,48,51,52,54,0.999526303851184,2060.47919370548,1816.30355115581,40,2022-01-20
"Reference: Age and week, Report: Day of week",2022-01-20,2022-01-15,05-14,DE,33,FALSE,3,44.856,45,4.23050973362586,4.4478,38,39,41,42,45,47,48,50,52,54,1.00083105434739,2258.45456740475,1976.43869831359,40,2022-01-20
"Reference: Age and week by age, Report: Day of week",2022-01-20,2022-01-15,05-14,DE,33,FALSE,3,41.6255,41,3.69500694020242,2.9652,36,36,39,39,41,44,45,46,48,50,1.01408916810552,957.256221209884,657.15303999894,37,2022-01-20
"Independent by age, Reference: Week, Report: Day of week",2022-01-20,2022-01-15,05-14,DE,33,FALSE,1,46.0625,45,6.45340351740686,5.9304,36,37,41,42,45,50,51,54,58,61,0.999208972079381,1848.20583485325,1939.95524785809,39,2022-01-20
"Independent by age, Reference: Week and day of week, Report: Day of week",2022-01-20,2022-01-15,05-14,DE,33,FALSE,1,44.382,44,6.22908313785979,5.9304,35,36,39,40,44,48,49,52,56,59,1.00016844302733,1737.99929869661,1556.24887768839,37,2022-01-20
"Reference: Fixed, Report: Fixed",2022-01-20,2022-01-16,05-14,DE,12,FALSE,3,22.157,22,4.43939242493286,4.4478,15,16,18,19,22,25,26,28,30,32,0.999517522505706,2253.01045317393,2043.08819407101,17,2022-01-20
"Reference: Fixed, Report: Day of week",2022-01-20,2022-01-16,05-14,DE,12,FALSE,3,22.3545,22,4.10965623710714,4.4478,16,16,19,19,22,25,26,28,29,32,1.00008308146419,2279.57879694352,1787.92786307414,17,2022-01-20
"Reference: Age, Report: Day of week",2022-01-20,2022-01-16,05-14,DE,12,FALSE,3,21.6405,21,3.8823699138637,4.4478,15,16,18,19,21,24,25,27,28,30.0249999999999,1.00014896027865,2176.98085775662,2026.01333461663,17,2022-01-20
"Reference: Age and week, Report: Day of week",2022-01-20,2022-01-16,05-14,DE,12,FALSE,3,21.7385,21,3.90470755890378,2.9652,15,16,18,19,21,24,25,27,29,30,0.999512715850257,2090.35120954518,1985.45677882299,17,2022-01-20
"Reference: Age and week by age, Report: Day of week",2022-01-20,2022-01-16,05-14,DE,12,FALSE,3,20.205,20,3.45339513652644,2.9652,15,15,17,18,20,22,23,25,25,25,1.0215899006447,1029.58166357251,1414.08043480379,16,2022-01-20
"Independent by age, Reference: Week, Report: Day of week",2022-01-20,2022-01-16,05-14,DE,12,FALSE,1,22.5195,22,5.53533555621156,4.4478,14,15,18,19,22,25,27,30,33,35,0.999453634699478,1925.62261264125,1678.95273549992,16,2022-01-20
"Independent by age, Reference: Week and day of week, Report: Day of week",2022-01-20,2022-01-16,05-14,DE,12,FALSE,1,22.5075,22,5.03295231991396,4.4478,15,16,18,19,22,25,26,29,32,35,1.00205760914674,1851.59987837661,1696.54477318331,17,2022-01-20
"Reference: Fixed, Report: Fixed",2022-01-20,2022-01-17,05-14,DE,12,FALSE,3,24.6855,24,5.21835274322045,4.4478,17,17,20,21,24,28,29,32,34,36,0.999690210760422,1863.74055884735,1683.09437704867,19,2022-01-20
"Reference: Fixed, Report: Day of week",2022-01-20,2022-01-17,05-14,DE,12,FALSE,3,22.4475,22,4.02247857880666,2.9652,15,16,19,20,22,25,25,28,30,31,0.999674396412601,2200.52589475179,2111.06972358804,18,2022-01-20
"Reference: Age, Report: Day of week",2022-01-20,2022-01-17,05-14,DE,12,FALSE,3,21.787,21,3.85669133247879,4.4478,15,16,18,19,21,24,25,27,29,30,0.999765247252233,2227.74481585294,1902.72174077972,17,2022-01-20
"Reference: Age and week, Report: Day of week",2022-01-20,2022-01-17,05-14,DE,12,FALSE,3,21.7505,21,3.98411675822529,4.4478,15,16,18,19,21,24,25,27,29,30,1.00102472764178,2283.38591720397,2017.68108302995,17,2022-01-20
"Reference: Age and week by age, Report: Day of week",2022-01-20,2022-01-17,05-14,DE,12,FALSE,3,21.9175,22,4.00533582955959,4.4478,15,16,18,19,22,24,25,27,27.5,27.5,1.05043882900267,34.1931378593202,144.620286440724,17,2022-01-20
"Independent by age, Reference: Week, Report: Day of week",2022-01-20,2022-01-17,05-14,DE,12,FALSE,1,22.8555,22,5.67007006987556,5.9304,14,15,18,19,22,26,27,30,34,36.0249999999999,1.0003094355916,1996.05650244351,1970.04610648624,16,2022-01-20
"Independent by age, Reference: Week and day of week, Report: Day of week",2022-01-20,2022-01-17,05-14,DE,12,FALSE,1,22.2165,22,4.93576829423011,4.4478,15,16,18,19,22,25,26,29,32,34,1.0004681129459,1975.77396770783,1799.12366596567,16.9,2022-01-20
"Reference: Fixed, Report: Fixed",2022-01-20,2022-01-18,05-14,DE,23,FALSE,3,42.9735,42,7.36905348227385,7.413,31,32,37,38,42,47,49,52,56,60,0.999617872004888,2329.27072159198,2015.04126463705,34,2022-01-20
"Reference: Fixed, Report: Day of week",2022-01-20,2022-01-18,05-14,DE,23,FALSE,3,37.008,37,4.92230134441834,4.4478,28,30,33,34,37,40,41,43,46,48,0.999733036300653,2290.61721853219,1956.27637289632,31,2022-01-20
"Reference: Age, Report: Day of week",2022-01-20,2022-01-18,05-14,DE,23,FALSE,3,36.174,36,4.78886109584499,4.4478,28,29,32,33,36,39,40,42,45,47,1.00106050185659,1940.45301278991,1815.09719889561,31,2022-01-20
"Reference: Age and week, Report: Day of week",2022-01-20,2022-01-18,05-14,DE,23,FALSE,3,35.9145,35,4.74008691502392,4.4478,28,29,32,32,35,39,40,42,44,46,1.00168691858085,2268.65295828207,1970.34887202806,30,2022-01-20
"Reference: Age and week by age, Report: Day of week",2022-01-20,2022-01-18,05-14,DE,23,FALSE,3,26.2135,25,3.54742298787831,2.9652,23,23,24,24,25,28,28,31,31.25,31.25,1.43787488892851,4.03440583214217,13.2828329541816,23,2022-01-20
"Independent by age, Reference: Week, Report: Day of week",2022-01-20,2022-01-18,05-14,DE,23,FALSE,1,38.1525,37,7.56464511248472,5.9304,27,28,32,33,37,42,43,48,52,56.0249999999999,0.999997116926123,1979.52452392859,1546.64999847391,30,2022-01-20
"Independent by age, Reference: Week and day of week, Report: Day of week",2022-01-20,2022-01-18,05-14,DE,23,FALSE,1,35.8975,35,6.87201615634208,5.9304,26,27,30,31,35,39,40,45,49,52,1.00161275359405,1796.10035442121,1142.56542308269,28,2022-01-20
"Reference: Fixed, Report: Fixed",2022-01-20,2022-01-19,05-14,DE,21,FALSE,3,51.224,49,12.0231485914059,10.3782,33,36,42,43,49,57,60,67,73,78.0249999999999,1.00055630841121,2449.72054827846,2075.32462218319,38,2022-01-20
"Reference: Fixed, Report: Day of week",2022-01-20,2022-01-19,05-14,DE,21,FALSE,3,43.261,43,6.93108209080478,5.9304,31,33,37,38,43,47,49,53,55,59,1.00226821058769,2448.43032326346,1882.78942436371,35,2022-01-20
"Reference: Age, Report: Day of week",2022-01-20,2022-01-19,05-14,DE,21,FALSE,3,41.6985,41,6.98834860736992,7.413,30,32,36,37,41,46,48,51,54,57,1.00004944865903,2200.93700733,1985.06833375733,33,2022-01-20
"Reference: Age and week, Report: Day of week",2022-01-20,2022-01-19,05-14,DE,21,FALSE,3,41.9205,41,7.04641793770966,7.413,30,32,36,37,41,46,47,51,54,58,1.00271759691173,2356.63400614759,1972.95154601103,34,2022-01-20
"Reference: Age and week by age, Report: Day of week",2022-01-20,2022-01-19,05-14,DE,21,FALSE,3,26.081,24,5.99261167583456,2.9652,21,21,22,22,24,28,29,30,30,30,1.49766388752125,3.83192954469709,29.2108890555518,21,2022-01-20
"Independent by age, Reference: Week, Report: Day of week",2022-01-20,2022-01-19,05-14,DE,21,FALSE,1,45.0505,43,11.624263912427,10.3782,29,30,36,37,43,51,53,59,65,73,1.00134429227998,2160.29754494625,1866.29827595256,32,2022-01-20
"Independent by age, Reference: Week and day of week, Report: Day of week",2022-01-20,2022-01-19,05-14,DE,21,FALSE,1,41.82,40,9.75039153406333,8.8956,28,29,34,35,40,47,49,54,61,66,1.00112860278953,1926.74792368909,1910.92385774166,31,2022-01-20
"Reference: Fixed, Report: Fixed",2022-01-20,2022-01-20,05-14,DE,17,FALSE,3,61.4905,58,20.4681553258036,17.7912,33,36,45,47,58,71,75,89,99.05,112,1.00023895428558,2784.60256092986,1844.77110529465,40,2022-01-20
"Reference: Fixed, Report: Day of week",2022-01-20,2022-01-20,05-14,DE,17,FALSE,3,53.3875,52,12.5428467762556,11.8608,34,36,43,45,52,60,63,70,76,82,1.00022103531836,2565.96809010167,1996.51328177797,39,2022-01-20
"Reference: Age, Report: Day of week",2022-01-20,2022-01-20,05-14,DE,17,FALSE,3,51.0075,49,12.0807456706107,11.8608,32,34,41,42,49,58,60,67,73,78.0249999999999,1.00176090494155,2174.06660187775,1869.65299435774,37,2022-01-20
"Reference: Age and week, Report: Day of week",2022-01-20,2022-01-20,05-14,DE,17,FALSE,3,51.356,50,12.3715314895003,11.8608,32,34,41,42,50,58,61,68,74,79,1.00042871052948,2752.40930939173,1811.99587550607,37,2022-01-20
"Reference: Age and week by age, Report: Day of week",2022-01-20,2022-01-20,05-14,DE,17,FALSE,3,31.634,29,10.1261203408106,5.9304,21,22,25,25,29,35,36.25,36.25,36.25,36.25,1.14090322317108,10.5198832756196,56.9686867525952,23,2022-01-20
"Independent by age, Reference: Week, Report: Day of week",2022-01-20,2022-01-20,05-14,DE,17,FALSE,1,49.9405,47,17.2975594385817,13.3434,28,30,37,38,47,57,60,71,81,90,0.999767064831064,2579.82843241061,1790.07547404642,33,2022-01-20
"Independent by age, Reference: Week and day of week, Report: Day of week",2022-01-20,2022-01-20,05-14,DE,17,FALSE,1,47.718,45,15.9021670050886,13.3434,26,29,35,37,45,55,58,66,75,89,1.00368957234236,1676.0310879901,1703.26118922877,31,2022-01-20
"Reference: Fixed, Report: Fixed",2022-01-20,2021-12-12,15-34,DE,75,FALSE,4,75,75,0,0,75,75,75,75,75,75,75,75,75,75,,,,75,2022-01-20
"Reference: Fixed, Report: Day of week",2022-01-20,2021-12-12,15-34,DE,75,FALSE,4,75,75,0,0,75,75,75,75,75,75,75,75,75,75,,,,75,2022-01-20
"Reference: Age, Report: Day of week",2022-01-20,2021-12-12,15-34,DE,75,FALSE,4,75,75,0,0,75,75,75,75,75,75,75,75,75,75,,,,75,2022-01-20
"Reference: Age and week, Report: Day of week",2022-01-20,2021-12-12,15-34,DE,75,FALSE,4,75,75,0,0,75,75,75,75,75,75,75,75,75,75,,,,75,2022-01-20
"Reference: Age and week by age, Report: Day of week",2022-01-20,2021-12-12,15-34,DE,75,FALSE,4,74.9625,75,1.67705098312484,0,75,75,75,75,75,75,75,75,75,75,1,2008.04825741572,,75,2022-01-20
"Independent by age, Reference: Week, Report: Day of week",2022-01-20,2021-12-12,15-34,DE,75,FALSE,1,75,75,0,0,75,75,75,75,75,75,75,75,75,75,,,,75,2022-01-20
"Independent by age, Reference: Week and day of week, Report: Day of week",2022-01-20,2021-12-12,15-34,DE,75,FALSE,1,75,75,0,0,75,75,75,75,75,75,75,75,75,75,,,,75,2022-01-20
"Reference: Fixed, Report: Fixed",2022-01-20,2021-12-13,15-34,DE,39,FALSE,4,39.089,39,0.308425944566343,0,39,39,39,39,39,39,39,39,40,40,1.00090447763914,1961.59615350997,1783.73013008444,39,2022-01-20
"Reference: Fixed, Report: Day of week",2022-01-20,2021-12-13,15-34,DE,39,FALSE,4,39.01,39,0.0995236277284853,0,39,39,39,39,39,39,39,39,39,39,0.999268662780427,2049.1338180458,2049.1338180458,39,2022-01-20
"Reference: Age, Report: Day of week",2022-01-20,2021-12-13,15-34,DE,39,FALSE,4,39.014,39,0.125745401319398,0,39,39,39,39,39,39,39,39,39,39,1.00023241840942,2059.65373172994,2059.91321382716,39,2022-01-20
"Reference: Age and week, Report: Day of week",2022-01-20,2021-12-13,15-34,DE,39,FALSE,4,39.0115,39,0.106646316009317,0,39,39,39,39,39,39,39,39,39,39,0.999747039780112,1918.01952606981,1918.0195260698,39,2022-01-20
"Reference: Age and week by age, Report: Day of week",2022-01-20,2021-12-13,15-34,DE,39,FALSE,4,38.9955,39,0.880833516529611,0,39,39,39,39,39,39,39,39,39,39,0.999617627387887,2038.63568952413,2070.35796226835,39,2022-01-20
"Independent by age, Reference: Week, Report: Day of week",2022-01-20,2021-12-13,15-34,DE,39,FALSE,1,39.031,39,0.179039178711691,0,39,39,39,39,39,39,39,39,39,40,1.00015901774493,1902.71638163142,1926.10734770113,39,2022-01-20
"Independent by age, Reference: Week and day of week, Report: Day of week",2022-01-20,2021-12-13,15-34,DE,39,FALSE,1,39.0455,39,0.217838189347895,0,39,39,39,39,39,39,39,39,39,40,0.999565135051904,1790.01240465383,1802.27202530506,39,2022-01-20
"Reference: Fixed, Report: Fixed",2022-01-20,2021-12-14,15-34,DE,113,FALSE,4,113.254,113,0.513435300601694,0,113,113,113,113,113,113,114,114,114,115,0.999305753440262,1765.83452856446,1733.85653636765,113,2022-01-20
"Reference: Fixed, Report: Day of week",2022-01-20,2021-12-14,15-34,DE,113,FALSE,4,113.0675,113,0.273827026825896,0,113,113,113,113,113,113,113,113,114,114,0.999211118176117,1971.04170518156,1948.83862096585,113,2022-01-20
"Reference: Age, Report: Day of week",2022-01-20,2021-12-14,15-34,DE,113,FALSE,4,113.063,113,0.249122522096072,0,113,113,113,113,113,113,113,113,114,114,0.999526366527595,1667.81790002797,1723.14040625785,113,2022-01-20
"Reference: Age and week, Report: Day of week",2022-01-20,2021-12-14,15-34,DE,113,FALSE,4,113.05,113,0.222541596968276,0,113,113,113,113,113,113,113,113,113,114,1.0002770986806,1714.03474967605,1726.01512657867,113,2022-01-20
"Reference: Age and week by age, Report: Day of week",2022-01-20,2021-12-14,15-34,DE,113,FALSE,4,113.0035,113,2.54061313614525,0,113,113,113,113,113,113,113,113,114,114,0.999215041812697,1995.95201325237,1989.45616851127,113,2022-01-20
"Independent by age, Reference: Week, Report: Day of week",2022-01-20,2021-12-14,15-34,DE,113,FALSE,1,113.115,113,0.347613891708681,0,113,113,113,113,113,113,113,114,114,114,0.999453175610977,1799.07962700471,1844.94143415823,113,2022-01-20
"Independent by age, Reference: Week and day of week, Report: Day of week",2022-01-20,2021-12-14,15-34,DE,113,FALSE,1,113.147,113,0.399337871191406,0,113,113,113,113,113,113,113,114,114,114,1.00149645332145,1768.24654445107,1721.34615853272,113,2022-01-20
"Reference: Fixed, Report: Fixed",2022-01-20,2021-12-15,15-34,DE,109,FALSE,4,109.5165,109,0.754991891597644,0,109,109,109,109,109,110,110,111,111,111,0.999971558102301,1844.11053139833,1820.92365585967,109,2022-01-20
"Reference: Fixed, Report: Day of week",2022-01-20,2021-12-15,15-34,DE,109,FALSE,4,109.133,109,0.358294833333942,0,109,109,109,109,109,109,109,110,110,110,0.999532357004683,2041.48558479007,2026.10439315407,109,2022-01-20
"Reference: Age, Report: Day of week",2022-01-20,2021-12-15,15-34,DE,109,FALSE,4,109.137,109,0.362348793739074,0,109,109,109,109,109,109,109,110,110,110,1.00191949255742,1589.85420538623,1617.90309322412,109,2022-01-20
"Reference: Age and week, Report: Day of week",2022-01-20,2021-12-15,15-34,DE,109,FALSE,4,109.12,109,0.353075531813779,0,109,109,109,109,109,109,109,110,110,110,1.00043885254608,2003.20162685098,1961.2269164047,109,2022-01-20
"Reference: Age and week by age, Report: Day of week",2022-01-20,2021-12-15,15-34,DE,109,FALSE,4,109.066,109,2.46509276522621,0,109,109,109,109,109,109,109,110,110,110,1.00255274153864,1588.49586492108,1547.88829374871,109,2022-01-20
"Independent by age, Reference: Week, Report: Day of week",2022-01-20,2021-12-15,15-34,DE,109,FALSE,1,109.2255,109,0.492718109640577,0,109,109,109,109,109,109,109,110,110,111,0.999416044939419,1908.12761735387,1884.94357362648,109,2022-01-20
"Independent by age, Reference: Week and day of week, Report: Day of week",2022-01-20,2021-12-15,15-34,DE,109,FALSE,1,109.2655,109,0.536799615232217,0,109,109,109,109,109,109,110,110,110,111,0.999155549849629,1732.84098448404,1690.8841452117,109,2022-01-20
"Reference: Fixed, Report: Fixed",2022-01-20,2021-12-16,15-34,DE,120,FALSE,4,120.6665,120,0.838229720620944,0,120,120,120,120,120,121,121,122,122,123,1.00045821780057,2110.0816798993,2034.45930973108,120,2022-01-20
"Reference: Fixed, Report: Day of week",2022-01-20,2021-12-16,15-34,DE,120,FALSE,4,120.2475,120,0.496353637507305,0,120,120,120,120,120,120,121,121,121,122,0.999656804447555,2052.13387318198,1975.72746031993,120,2022-01-20
"Reference: Age, Report: Day of week",2022-01-20,2021-12-16,15-34,DE,120,FALSE,4,120.2365,120,0.490599728951233,0,120,120,120,120,120,120,121,121,121,121.025,0.999919742494517,2000.72914571317,1913.93551109406,120,2022-01-20
"Reference: Age and week, Report: Day of week",2022-01-20,2021-12-16,15-34,DE,120,FALSE,4,120.226,120,0.487896527463309,0,120,120,120,120,120,120,120,121,121,122,0.999884948982917,2026.24396819115,1969.64333861423,120,2022-01-20
"Reference: Age and week by age, Report: Day of week",2022-01-20,2021-12-16,15-34,DE,120,FALSE,4,120.144,120,2.72561524967201,0,120,120,120,120,120,120,120,121,121,121,1.00214047777485,1936.92018712106,1786.01463750279,120,2022-01-20
"Independent by age, Reference: Week, Report: Day of week",2022-01-20,2021-12-16,15-34,DE,120,FALSE,1,120.387,120,0.645321020585728,0,120,120,120,120,120,121,121,121,122,122,0.999231000050062,1891.51353082949,1884.35555243531,120,2022-01-20
"Independent by age, Reference: Week and day of week, Report: Day of week",2022-01-20,2021-12-16,15-34,DE,120,FALSE,1,120.3645,120,0.643309158443021,0,120,120,120,120,120,121,121,121,122,122,1.00093448468086,1795.21240931275,1802.93857397213,120,2022-01-20
"Reference: Fixed, Report: Fixed",2022-01-20,2021-12-17,15-34,DE,113,FALSE,4,113.906,114,1.01077932181991,1.4826,113,113,113,113,114,114,115,115,116,116,1.00009441946516,1838.55057871251,1946.10362880303,113,2022-01-20
"Reference: Fixed, Report: Day of week",2022-01-20,2021-12-17,15-34,DE,113,FALSE,4,113.3595,113,0.602861070840843,0,113,113,113,113,113,114,114,114,115,115,1.00108226648322,1859.52355809944,1945.12065667391,113,2022-01-20
"Reference: Age, Report: Day of week",2022-01-20,2021-12-17,15-34,DE,113,FALSE,4,113.3345,113,0.567248301291118,0,113,113,113,113,113,114,114,114,114,115,0.999194036642158,2055.91821576811,2049.71405307552,113,2022-01-20
"Reference: Age and week, Report: Day of week",2022-01-20,2021-12-17,15-34,DE,113,FALSE,4,113.358,113,0.597506909795717,0,113,113,113,113,113,114,114,114,115,115,0.999027788973296,1934.15609626685,1949.08376738018,113,2022-01-20
"Reference: Age and week by age, Report: Day of week",2022-01-20,2021-12-17,15-34,DE,113,FALSE,4,113.2725,113,2.59915785607192,0,113,113,113,113,113,114,114,114,114,115,0.999139845865786,1938.79131510579,1920.90968395108,113,2022-01-20
"Independent by age, Reference: Week, Report: Day of week",2022-01-20,2021-12-17,15-34,DE,113,FALSE,1,113.555,113,0.766334544645587,0,113,113,113,113,113,114,114,115,115,116,0.999541276569913,1625.47544619904,1951.94388495255,113,2022-01-20
"Independent by age, Reference: Week and day of week, Report: Day of week",2022-01-20,2021-12-17,15-34,DE,113,FALSE,1,113.6185,113,0.821154612389606,0,113,113,113,113,113,114,114,115,115,116,1.00125022670035,1805.67491070993,1912.68387962994,113,2022-01-20
"Reference: Fixed, Report: Fixed",2022-01-20,2021-12-18,15-34,DE,94,FALSE,4,94.936,95,0.999201281825039,1.4826,94,94,94,94,95,95,96,96,97,97,0.999923248382916,2014.28260042855,2004.93628423183,94,2022-01-20
"Reference: Fixed, Report: Day of week",2022-01-20,2021-12-18,15-34,DE,94,FALSE,4,94.4185,94,0.650822199043167,0,94,94,94,94,94,95,95,95,96,96,0.999191243479843,1984.65643317757,1701.85284588681,94,2022-01-20
"Reference: Age, Report: Day of week",2022-01-20,2021-12-18,15-34,DE,94,FALSE,4,94.429,94,0.656638856064463,0,94,94,94,94,94,95,95,95,96,96,0.999568781486414,2035.78664958194,2046.54862558056,94,2022-01-20
"Reference: Age and week, Report: Day of week",2022-01-20,2021-12-18,15-34,DE,94,FALSE,4,94.3845,94,0.621975221844323,0,94,94,94,94,94,95,95,95,96,96,0.999423340130664,1889.16537044414,1980.53146154228,94,2022-01-20
"Reference: Age and week by age, Report: Day of week",2022-01-20,2021-12-18,15-34,DE,94,FALSE,4,94.339,94,2.20238603612674,0,94,94,94,94,94,95,95,95,96,96,0.99929563617416,1870.90662528828,1955.46596871312,94,2022-01-20
"Independent by age, Reference: Week, Report: Day of week",2022-01-20,2021-12-18,15-34,DE,94,FALSE,1,94.596,94,0.825908628439772,0,94,94,94,94,94,95,95,96,96,97,1.00023519906416,1617.54793204407,1655.65992204511,94,2022-01-20
"Independent by age, Reference: Week and day of week, Report: Day of week",2022-01-20,2021-12-18,15-34,DE,94,FALSE,1,94.572,94,0.790650722052501,0,94,94,94,94,94,95,95,96,96,97,0.999453027868185,1935.05026363349,1950.797160886,94,2022-01-20
"Reference: Fixed, Report: Fixed",2022-01-20,2021-12-19,15-34,DE,60,FALSE,4,60.835,61,0.930703016032518,1.4826,60,60,60,60,61,61,62,62,63,63,1.00039648161517,2046.59114625149,1949.64778327997,60,2022-01-20
"Reference: Fixed, Report: Day of week",2022-01-20,2021-12-19,15-34,DE,60,FALSE,4,60.3905,60,0.623862446518532,0,60,60,60,60,60,61,61,61,62,62,0.999270801382024,2082.44597690815,2040.81552167197,60,2022-01-20
"Reference: Age, Report: Day of week",2022-01-20,2021-12-19,15-34,DE,60,FALSE,4,60.385,60,0.622871563399908,0,60,60,60,60,60,61,61,61,62,62,0.999912624652487,1932.07943368282,1920.19792237573,60,2022-01-20
"Reference: Age and week, Report: Day of week",2022-01-20,2021-12-19,15-34,DE,60,FALSE,4,60.3985,60,0.635531037676308,0,60,60,60,60,60,61,61,61,62,62,0.99997689233723,2050.82476250969,2037.51855963006,60,2022-01-20
"Reference: Age and week by age, Report: Day of week",2022-01-20,2021-12-19,15-34,DE,60,FALSE,4,60.3845,60,1.49391286152135,0,60,60,60,60,60,61,61,61,62,62,1.00238402768919,1743.12360810616,1811.46970738958,60,2022-01-20
"Independent by age, Reference: Week, Report: Day of week",2022-01-20,2021-12-19,15-34,DE,60,FALSE,1,60.539,60,0.768618492617499,0,60,60,60,60,60,61,61,62,62,62,1.00154685301908,1806.88021739812,2027.7687184898,60,2022-01-20
"Independent by age, Reference: Week and day of week, Report: Day of week",2022-01-20,2021-12-19,15-34,DE,60,FALSE,1,60.446,60,0.679937613004891,0,60,60,60,60,60,61,61,61,62,62,0.999516504618089,1857.05644897538,1841.64776902813,60,2022-01-20
"Reference: Fixed, Report: Fixed",2022-01-20,2021-12-20,15-34,DE,40,FALSE,4,40.7525,41,0.906451640899085,1.4826,40,40,40,40,41,41,41,42,42,43,0.999306237017872,2121.52245395612,2043.27450343648,40,2022-01-20
"Reference: Fixed, Report: Day of week",2022-01-20,2021-12-20,15-34,DE,40,FALSE,4,40.3615,40,0.597491630170718,0,40,40,40,40,40,41,41,41,42,42,0.999956766369143,1952.49148068063,1915.59296956855,40,2022-01-20
"Reference: Age, Report: Day of week",2022-01-20,2021-12-20,15-34,DE,40,FALSE,4,40.303,40,0.540682132666035,0,40,40,40,40,40,41,41,41,41,42,1.0015997038406,1851.0589978203,1818.73843694198,40,2022-01-20
"Reference: Age and week, Report: Day of week",2022-01-20,2021-12-20,15-34,DE,40,FALSE,4,40.3115,40,0.558232533789361,0,40,40,40,40,40,41,41,41,41,42,0.999610403982116,1861.88204449617,1827.76721644379,40,2022-01-20
"Reference: Age and week by age, Report: Day of week",2022-01-20,2021-12-20,15-34,DE,40,FALSE,4,40.319,40,1.07555446570797,0,40,40,40,40,40,41,41,41,41,42,0.999316161650717,2101.50050045141,1872.53687204822,40,2022-01-20
"Independent by age, Reference: Week, Report: Day of week",2022-01-20,2021-12-20,15-34,DE,40,FALSE,1,40.4495,40,0.701210095334415,0,40,40,40,40,40,41,41,41,42,42,0.999209915143477,1676.4734214869,1726.68460023879,40,2022-01-20
"Independent by age, Reference: Week and day of week, Report: Day of week",2022-01-20,2021-12-20,15-34,DE,40,FALSE,1,40.657,40,0.863553045232871,0,40,40,40,40,40,41,41,42,42,43,1.00108064458679,1897.88309204567,1695.20653671265,40,2022-01-20
"Reference: Fixed, Report: Fixed",2022-01-20,2021-12-21,15-34,DE,85,FALSE,4,86.36,86,1.22071498415325,1.4826,85,85,85,85,86,87,87,88,89,89,0.999576465032269,1924.61442249108,1879.74649682863,85,2022-01-20
"Reference: Fixed, Report: Day of week",2022-01-20,2021-12-21,15-34,DE,85,FALSE,4,85.651,85,0.807170838411046,0,85,85,85,85,85,86,86,87,87,88,0.999876617633485,2044.93840796614,1995.2808119563,85,2022-01-20
"Reference: Age, Report: Day of week",2022-01-20,2021-12-21,15-34,DE,85,FALSE,4,85.5995,85,0.753912423276726,0,85,85,85,85,85,86,86,87,87,87,0.999589221642884,1976.98902386967,1904.73258731079,85,2022-01-20
"Reference: Age and week, Report: Day of week",2022-01-20,2021-12-21,15-34,DE,85,FALSE,4,85.6005,85,0.796377334201078,0,85,85,85,85,85,86,86,87,87,88,0.999686629421412,2004.22414751441,1716.19836420949,85,2022-01-20
"Reference: Age and week by age, Report: Day of week",2022-01-20,2021-12-21,15-34,DE,85,FALSE,4,85.557,85,2.06515942283419,0,85,85,85,85,85,86,86,87,87,87.0249999999999,1.00394946608085,1852.95615256983,1875.37794742117,85,2022-01-20
"Independent by age, Reference: Week, Report: Day of week",2022-01-20,2021-12-21,15-34,DE,85,FALSE,1,85.823,86,0.976292770528848,1.4826,85,85,85,85,86,86,86,87,88,88,1.0008104899935,1673.39508494573,1754.23752696241,85,2022-01-20
"Independent by age, Reference: Week and day of week, Report: Day of week",2022-01-20,2021-12-21,15-34,DE,85,FALSE,1,86.067,86,1.10640094971523,1.4826,85,85,85,85,86,87,87,88,88,89,1.00101496862405,1866.27492844307,1938.30830850534,85,2022-01-20
"Reference: Fixed, Report: Fixed",2022-01-20,2021-12-22,15-34,DE,97,FALSE,4,99.0135,99,1.5091244078071,1.4826,97,97,98,98,99,100,100,101,102,103,1.00414715112805,1712.1764602441,1755.29892481701,97,2022-01-20
"Reference: Fixed, Report: Day of week",2022-01-20,2021-12-22,15-34,DE,97,FALSE,4,98.016,98,1.01156098571164,1.4826,97,97,97,97,98,99,99,99,100,100,1.00096812949054,1898.3846274856,1587.46285992825,97,2022-01-20
"Reference: Age, Report: Day of week",2022-01-20,2021-12-22,15-34,DE,97,FALSE,4,97.9545,98,1.01584729308171,1.4826,97,97,97,97,98,99,99,99,100,100,1.00109339524994,2017.53081468794,1837.74725533417,97,2022-01-20
"Reference: Age and week, Report: Day of week",2022-01-20,2021-12-22,15-34,DE,97,FALSE,4,97.9555,98,0.986917804772357,1.4826,97,97,97,97,98,99,99,99,100,100,0.999768204986816,1705.71836556031,1641.0493407955,97,2022-01-20
"Reference: Age and week by age, Report: Day of week",2022-01-20,2021-12-22,15-34,DE,97,FALSE,4,97.9105,98,2.39778323294999,1.4826,97,97,97,97,98,98,99,99,100,100,1.00039182204868,1638.19282373656,1846.25827225338,97,2022-01-20
"Independent by age, Reference: Week, Report: Day of week",2022-01-20,2021-12-22,15-34,DE,97,FALSE,1,98.247,98,1.17417219357728,1.4826,97,97,97,97,98,99,99,100,101,101,0.999934737427568,1852.05882502811,1858.90375300733,97,2022-01-20
"Independent by age, Reference: Week and day of week, Report: Day of week",2022-01-20,2021-12-22,15-34,DE,97,FALSE,1,98.4495,98,1.28501960595699,1.4826,97,97,97,97,98,99,99,100,101,101,0.999646734871433,1719.51070721116,1707.18037970487,97,2022-01-20
"Reference: Fixed, Report: Fixed",2022-01-20,2021-12-23,15-34,DE,89,FALSE,4,91.03,91,1.53924807692625,1.4826,89,89,90,90,91,92,92,93,94,95,1.00080298293333,1732.65839209372,2077.07071427426,89,2022-01-20
"Reference: Fixed, Report: Day of week",2022-01-20,2021-12-23,15-34,DE,89,FALSE,4,90.1815,90,1.10098312063172,1.4826,89,89,89,89,90,91,91,92,92,93,0.999550252042082,1964.71373645984,1990.8341122755,89,2022-01-20
"Reference: Age, Report: Day of week",2022-01-20,2021-12-23,15-34,DE,89,FALSE,4,90.064,90,1.0297738669769,1.4826,89,89,89,89,90,91,91,91,92,92,1.00183660415804,1830.98205478248,1883.91875330519,89,2022-01-20
"Reference: Age and week, Report: Day of week",2022-01-20,2021-12-23,15-34,DE,89,FALSE,4,90.024,90,1.03245192550997,1.4826,89,89,89,89,90,91,91,91,92,92,1.00303333103783,2034.48197602007,1924.38050342296,89,2022-01-20
"Reference: Age and week by age, Report: Day of week",2022-01-20,2021-12-23,15-34,DE,89,FALSE,4,89.9065,90,2.23769108249784,1.4826,89,89,89,89,90,90.25,91,91,92,92,1.00562171346023,1712.59261158067,1755.19916329833,89,2022-01-20
"Independent by age, Reference: Week, Report: Day of week",2022-01-20,2021-12-23,15-34,DE,89,FALSE,1,90.402,90,1.24425483123134,1.4826,89,89,89,89,90,91,91,92,93,93,1.00023132035114,1774.90356030012,1738.98650235617,89,2022-01-20
"Independent by age, Reference: Week and day of week, Report: Day of week",2022-01-20,2021-12-23,15-34,DE,89,FALSE,1,90.4085,90,1.26745057713614,1.4826,89,89,89,89,90,91,91,92,93,93,0.999871581661022,2004.15317814704,1921.81059508177,89,2022-01-20
"Reference: Fixed, Report: Fixed",2022-01-20,2021-12-24,15-34,DE,93,FALSE,4,95.31,95,1.59567323927654,1.4826,93,93,94,94,95,96,97,97,98,99,0.999386382694419,1869.93885636069,1881.13371088388,93,2022-01-20
"Reference: Fixed, Report: Day of week",2022-01-20,2021-12-24,15-34,DE,93,FALSE,4,94.5745,94,1.29510169260838,1.4826,93,93,93,94,94,95,96,96,97,98,1.00036636536793,2075.05031537686,1867.86190177619,93,2022-01-20
"Reference: Age, Report: Day of week",2022-01-20,2021-12-24,15-34,DE,93,FALSE,4,94.382,94,1.17761172917577,1.4826,93,93,93,93.75,94,95,95,96,96,97,0.999778526372496,1905.17566364757,1888.27370298661,93,2022-01-20
"Reference: Age and week, Report: Day of week",2022-01-20,2021-12-24,15-34,DE,93,FALSE,4,94.3825,94,1.18401634167298,1.4826,93,93,93,93,94,95,95,96,97,97,1.00006189427753,1923.95094792051,1829.02663462354,93,2022-01-20
"Reference: Age and week by age, Report: Day of week",2022-01-20,2021-12-24,15-34,DE,93,FALSE,4,94.246,94,2.40153444360932,1.4826,93,93,93,93,94,95,95,96,96,97,1.003110404275,1986.57635300335,1971.1983822027,93,2022-01-20
"Independent by age, Reference: Week, Report: Day of week",2022-01-20,2021-12-24,15-34,DE,93,FALSE,1,94.641,94,1.33791405067871,1.4826,93,93,93,94,94,95,96,96,97,98,0.999131428192298,2003.99233195114,2016.0250083228,93,2022-01-20
"Independent by age, Reference: Week and day of week, Report: Day of week",2022-01-20,2021-12-24,15-34,DE,93,FALSE,1,94.883,95,1.49413092251208,1.4826,93,93,94,94,95,96,96,97,98,98,1.00077882919003,1787.75230159611,1819.6068705133,93,2022-01-20
"Reference: Fixed, Report: Fixed",2022-01-20,2021-12-25,15-34,DE,44,FALSE,4,45.6045,45,1.30993805916899,1.4826,44,44,44,45,45,46,47,47,48,49,1.00026625702213,2026.86629935467,1838.99647185623,44,2022-01-20
"Reference: Fixed, Report: Day of week",2022-01-20,2021-12-25,15-34,DE,44,FALSE,4,45.167,45,1.08798108964527,1.4826,44,44,44,44,45,46,46,47,47,48,1.00102789772976,2138.97373177713,1976.11440375841,44,2022-01-20
"Reference: Age, Report: Day of week",2022-01-20,2021-12-25,15-34,DE,44,FALSE,4,45.0485,45,1.04292453983876,1.4826,44,44,44,44,45,46,46,46,47,47,1.00069120800323,1912.82576407605,2015.78057275346,44,2022-01-20
"Reference: Age and week, Report: Day of week",2022-01-20,2021-12-25,15-34,DE,44,FALSE,4,44.9935,45,1.00047899983686,1.4826,44,44,44,44,45,46,46,46,47,47,1.00054231502255,2014.77702648581,2027.99475830726,44,2022-01-20
"Reference: Age and week by age, Report: Day of week",2022-01-20,2021-12-25,15-34,DE,44,FALSE,4,44.8335,45,1.38879160461911,1.4826,44,44,44,44,45,45,46,46,47,47,1.02606156245184,149.510472908054,1108.65128908304,44,2022-01-20
"Independent by age, Reference: Week, Report: Day of week",2022-01-20,2021-12-25,15-34,DE,44,FALSE,1,45.1515,45,1.11721610976478,1.4826,44,44,44,44,45,46,46,47,47,48,0.999751017927218,1956.66362556339,1766.60835217899,44,2022-01-20
"Independent by age, Reference: Week and day of week, Report: Day of week",2022-01-20,2021-12-25,15-34,DE,44,FALSE,1,45.02,45,1.08636554393423,1.4826,44,44,44,44,45,46,46,46,47,48,0.999835471348729,1883.06820795618,1796.07731909994,44,2022-01-20
"Reference: Fixed, Report: Fixed",2022-01-20,2021-12-26,15-34,DE,31,FALSE,4,32.4175,32,1.24377137513966,1.4826,31,31,31,31,32,33,33,34,35,35,1.00015941015261,1894.87734360272,2008.32273985258,31,2022-01-20
"Reference: Fixed, Report: Day of week",2022-01-20,2021-12-26,15-34,DE,31,FALSE,4,31.909,32,0.958216097258088,1.4826,31,31,31,31,32,32,33,33,34,34,1.00132183888621,1991.83360092957,1939.51910862043,31,2022-01-20
"Reference: Age, Report: Day of week",2022-01-20,2021-12-26,15-34,DE,31,FALSE,4,31.7955,32,0.936545946099057,1.4826,31,31,31,31,32,32,32,33,34,34,1.00252603427654,1887.18524481037,1914.74635731428,31,2022-01-20
"Reference: Age and week, Report: Day of week",2022-01-20,2021-12-26,15-34,DE,31,FALSE,4,31.7955,32,0.897821135525166,1.4826,31,31,31,31,32,32,32,33,33,34,1.00025052599101,2015.25006486247,1897.42193100007,31,2022-01-20
"Reference: Age and week by age, Report: Day of week",2022-01-20,2021-12-26,15-34,DE,31,FALSE,4,31.7885,32,1.12933850227749,1.4826,31,31,31,31,32,32,32,33,33,34,1.00098934764175,1870.06114395267,1891.61631419451,31,2022-01-20
"Independent by age, Reference: Week, Report: Day of week",2022-01-20,2021-12-26,15-34,DE,31,FALSE,1,31.876,32,0.969584471319292,1.4826,31,31,31,31,32,32,33,33,34,34,1.00093105910857,1931.87695181541,1779.65000606734,31,2022-01-20
"Independent by age, Reference: Week and day of week, Report: Day of week",2022-01-20,2021-12-26,15-34,DE,31,FALSE,1,31.6535,31,0.84604707187243,0,31,31,31,31,31,32,32,33,33,34,0.999513711265085,1798.80871811217,1861.70365645702,31,2022-01-20
"Reference: Fixed, Report: Fixed",2022-01-20,2021-12-27,15-34,DE,43,FALSE,4,45.1125,45,1.53851462899506,1.4826,43,43,44,44,45,46,46,47,48,49,0.99996996147184,1762.23487026238,1967.020353269,43,2022-01-20
"Reference: Fixed, Report: Day of week",2022-01-20,2021-12-27,15-34,DE,43,FALSE,4,44.3035,44,1.1632129135034,1.4826,43,43,43,43,44,45,45,46,46,47,1.00008073448575,1939.0264972405,1928.78505770434,43,2022-01-20
"Reference: Age, Report: Day of week",2022-01-20,2021-12-27,15-34,DE,43,FALSE,4,44.1135,44,1.04984229025945,1.4826,43,43,43,43,44,45,45,46,46,47,0.9998036990194,1927.95585135759,2032.18748941354,43,2022-01-20
"Reference: Age and week, Report: Day of week",2022-01-20,2021-12-27,15-34,DE,43,FALSE,4,44.1605,44,1.04799279312752,1.4826,43,43,43,43,44,45,45,46,46,47,0.999743385886933,2178.5623738861,2020.78350651093,43,2022-01-20
"Reference: Age and week by age, Report: Day of week",2022-01-20,2021-12-27,15-34,DE,43,FALSE,4,44.118,44,1.46018562896487,1.4826,43,43,43,43,44,45,45,46,46,47,1.0020027448376,2034.28888032302,1947.6273564975,43,2022-01-20
"Independent by age, Reference: Week, Report: Day of week",2022-01-20,2021-12-27,15-34,DE,43,FALSE,1,44.3235,44,1.19313013949229,1.4826,43,43,43,43,44,45,45,46,46,47,0.999819670649715,1901.75377411542,1883.93234187664,43,2022-01-20
"Independent by age, Reference: Week and day of week, Report: Day of week",2022-01-20,2021-12-27,15-34,DE,43,FALSE,1,44.644,44,1.42908542171953,1.4826,43,43,43,44,44,45,46,47,47,48,0.999693465846514,1759.50918047083,1777.37025720286,43,2022-01-20
"Reference: Fixed, Report: Fixed",2022-01-20,2021-12-28,15-34,DE,93,FALSE,4,96.6575,96,2.12848748633619,1.4826,93,94,95,95,96,98,98,100,101,102,1.00012872094688,2107.64851591851,1941.46836251851,94,2022-01-20
"Reference: Fixed, Report: Day of week",2022-01-20,2021-12-28,15-34,DE,93,FALSE,4,95.2885,95,1.55224755958678,1.4826,93,93,94,94,95,96,97,97,98,99,1.0003874260934,2149.80543258918,2010.61040586754,93,2022-01-20
"Reference: Age, Report: Day of week",2022-01-20,2021-12-28,15-34,DE,93,FALSE,4,94.967,95,1.47071156120027,1.4826,93,93,94,94,95,96,96,97,98,98,1.00057180751047,1931.63826430578,1944.52176561663,93,2022-01-20
"Reference: Age and week, Report: Day of week",2022-01-20,2021-12-28,15-34,DE,93,FALSE,4,95.0275,95,1.49293609343788,1.4826,93,93,94,94,95,96,96,97,98,99,1.00003827022167,1801.43886489928,1928.93647409317,93,2022-01-20
"Reference: Age and week by age, Report: Day of week",2022-01-20,2021-12-28,15-34,DE,93,FALSE,4,95.415,95,2.69284249453067,1.4826,93,93,94,94,95,96,97,98,98,99,1.0534180075817,34.8690352726557,1889.4801217818,94,2022-01-20
"Independent by age, Reference: Week, Report: Day of week",2022-01-20,2021-12-28,15-34,DE,93,FALSE,1,95.3245,95,1.60639036195985,1.4826,93,93,94,94,95,96,97,97,98,99,1.00060128542169,1793.79161394241,1776.80262702805,93,2022-01-20
"Independent by age, Reference: Week and day of week, Report: Day of week",2022-01-20,2021-12-28,15-34,DE,93,FALSE,1,95.592,95,1.81994288263342,1.4826,93,93,94,94,95,97,97,98,99,100,0.99965922724932,1973.66956868259,2045.77743841096,94,2022-01-20
"Reference: Fixed, Report: Fixed",2022-01-20,2021-12-29,15-34,DE,115,FALSE,4,119.717,119,2.42958071099019,2.9652,116,116,118,118,119,121,122,123,124,125,0.999814671921535,2154.48710887511,2101.61460548454,117,2022-01-20
"Reference: Fixed, Report: Day of week",2022-01-20,2021-12-29,15-34,DE,115,FALSE,4,118.2825,118,1.87682044359303,1.4826,115,116,117,117,118,119,120,121,122,122,1.0036564627709,1994.8093738842,1950.0260474973,116,2022-01-20
"Reference: Age, Report: Day of week",2022-01-20,2021-12-29,15-34,DE,115,FALSE,4,118.088,118,1.8428114328353,1.4826,115,115,116,117,118,119,120,121,121,122,1.00017251710911,2014.29159632235,1901.47201470482,116,2022-01-20
"Reference: Age and week, Report: Day of week",2022-01-20,2021-12-29,15-34,DE,115,FALSE,4,118.096,118,1.78896176373226,1.4826,115,115,117,117,118,119,120,120,121,122,0.999891999785273,1896.77306094066,1815.52022536729,116,2022-01-20
"Reference: Age and week by age, Report: Day of week",2022-01-20,2021-12-29,15-34,DE,115,FALSE,4,118.1505,118,3.19843160507868,1.4826,115,116,117,117,118,119,120,121,121,122,1.00093573136011,1665.2209637666,1865.98285407611,116,2022-01-20
"Independent by age, Reference: Week, Report: Day of week",2022-01-20,2021-12-29,15-34,DE,115,FALSE,1,118.275,118,2.02643238577236,1.4826,115,116,117,117,118,119,120,121,122,123,1.00069383301579,1956.08919684232,1883.8196949156,116,2022-01-20
"Independent by age, Reference: Week and day of week, Report: Day of week",2022-01-20,2021-12-29,15-34,DE,115,FALSE,1,118.3015,118,2.05832847428539,1.4826,115,115,117,117,118,120,120,121,122,123,1.00059643902315,1940.03472146171,1579.97396049783,116,2022-01-20
"Reference: Fixed, Report: Fixed",2022-01-20,2021-12-30,15-34,DE,111,FALSE,4,116.4805,116,2.66236057511299,2.9652,112,113,114,115,116,118,119,120,121,123,1.0012986824196,2021.53797368162,1773.89105532775,113,2022-01-20
"Reference: Fixed, Report: Day of week",2022-01-20,2021-12-30,15-34,DE,111,FALSE,4,115.259,115,2.10217234409602,1.4826,112,112,113,114,115,117,117,118,119,120,0.999201920817241,1993.74729612599,1986.23429729731,113,2022-01-20
"Reference: Age, Report: Day of week",2022-01-20,2021-12-30,15-34,DE,111,FALSE,4,115.102,115,2.19157420562238,1.4826,112,112,113,113,115,116,117,118,119,120,1.00131074992672,1942.76440372031,1653.48435170245,112,2022-01-20
"Reference: Age and week, Report: Day of week",2022-01-20,2021-12-30,15-34,DE,111,FALSE,4,115.0405,115,2.15201657467335,1.4826,112,112,113,113,115,116,117,118,119,120,1.00063783064074,1903.37414222479,1899.09210502799,112,2022-01-20
"Reference: Age and week by age, Report: Day of week",2022-01-20,2021-12-30,15-34,DE,111,FALSE,4,114.806,115,3.23660343584141,1.4826,112,112,113,113,115,116,116,118,118,119,1.0010552781525,1868.91580072909,1919.51367123487,113,2022-01-20
"Independent by age, Reference: Week, Report: Day of week",2022-01-20,2021-12-30,15-34,DE,111,FALSE,1,115.1655,115,2.26333185493042,2.9652,112,112,113,113,115,117,117,118,119,120,0.999746643168566,1871.61330881482,1983.48788824943,112,2022-01-20
"Independent by age, Reference: Week and day of week, Report: Day of week",2022-01-20,2021-12-30,15-34,DE,111,FALSE,1,114.9,115,2.18228806315649,1.4826,111,112,113,113,115,116,117,118,119,120,0.999734527360325,1823.9297519559,1931.2280729071,112,2022-01-20
"Reference: Fixed, Report: Fixed",2022-01-20,2021-12-31,15-34,DE,106,FALSE,4,111.433,111,2.64177979783519,2.9652,107,108,109,110,111,113,114,115,116,117,1.00015353439671,2117.06016547933,2020.49103042942,108,2022-01-20
"Reference: Fixed, Report: Day of week",2022-01-20,2021-12-31,15-34,DE,106,FALSE,4,110.6865,110,2.29212667022051,2.9652,107,107,109,109,110,112,113,114,115,116,0.999678488855424,1774.40349830362,1995.93114081547,108,2022-01-20
"Reference: Age, Report: Day of week",2022-01-20,2021-12-31,15-34,DE,106,FALSE,4,110.3825,110,2.15975137759107,1.4826,107,107,109,109,110,112,112,113,114,115,1.00121676736187,1690.29402368425,1594.12789111241,108,2022-01-20
"Reference: Age and week, Report: Day of week",2022-01-20,2021-12-31,15-34,DE,106,FALSE,4,110.402,110,2.17203933607076,1.4826,107,107,109,109,110,112,112,113,114,115,0.999421540970233,2072.82658436385,2000.83889197566,108,2022-01-20
"Reference: Age and week by age, Report: Day of week",2022-01-20,2021-12-31,15-34,DE,106,FALSE,4,110.6105,110,3.3792749961715,1.4826,107,107,109,109,110,112,113,114,115,116,1.02719201050396,128.212902498854,1786.55899202235,108,2022-01-20
"Independent by age, Reference: Week, Report: Day of week",2022-01-20,2021-12-31,15-34,DE,106,FALSE,1,109.7805,109,2.14070340204517,1.4826,106,107,108,108,109,111,112,113,114,115,0.999498164242655,1804.28085459079,1921.28462006447,107,2022-01-20
"Independent by age, Reference: Week and day of week, Report: Day of week",2022-01-20,2021-12-31,15-34,DE,106,FALSE,1,110.016,110,2.25993310715703,2.9652,106,107,108,108,110,111,112,113,114,115,1.00069943456135,1840.68352902836,1822.50376680623,107,2022-01-20
"Reference: Fixed, Report: Fixed",2022-01-20,2022-01-01,15-34,DE,61,FALSE,4,64.936,65,2.18890375526767,1.4826,61,62,63,63,65,66,67,68,69,70,0.999710445702832,2212.08295445553,2072.54452996615,62,2022-01-20
"Reference: Fixed, Report: Day of week",2022-01-20,2022-01-01,15-34,DE,61,FALSE,4,64.6885,64,2.00261653505938,1.4826,61.975,62,63,63,64,66,66,67,68,69,0.999236860056696,2046.37020833462,2043.26206731785,62,2022-01-20
"Reference: Age, Report: Day of week",2022-01-20,2022-01-01,15-34,DE,61,FALSE,4,64.445,64,1.92531254974539,1.4826,61,62,63,63,64,66,66,67,68,69,1.00002588208066,2139.97331708415,1652.84788956708,62,2022-01-20
"Reference: Age and week, Report: Day of week",2022-01-20,2022-01-01,15-34,DE,61,FALSE,4,64.4395,64,1.98854643105315,1.4826,61,62,63,63,64,66,66,67,68,69,1.00173194327674,2046.8617091241,1975.92669221933,62,2022-01-20
"Reference: Age and week by age, Report: Day of week",2022-01-20,2022-01-01,15-34,DE,61,FALSE,4,64.794,65,2.47621279677403,1.4826,62,62,63,63,65,66,66,67,68,69,1.03142019399704,80.4896979082339,1592.57183087965,62,2022-01-20
"Independent by age, Reference: Week, Report: Day of week",2022-01-20,2022-01-01,15-34,DE,61,FALSE,1,63.8745,64,1.83150947676547,1.4826,61,61,62,63,64,65,65,66,67,68,0.99977867268404,1815.1804477967,1604.86124994045,62,2022-01-20
"Independent by age, Reference: Week and day of week, Report: Day of week",2022-01-20,2022-01-01,15-34,DE,61,FALSE,1,63.3765,63,1.72459701595292,1.4826,61,61,62,62,63,64,65,66,66.05,67,1.00041600555951,1871.78061408086,2003.86921205413,61,2022-01-20
"Reference: Fixed, Report: Fixed",2022-01-20,2022-01-02,15-34,DE,54,FALSE,4,58.062,58,2.16621842184152,1.4826,55,55,56,57,58,59,60,61,62,63,1.00049562035705,1831.10681913949,1844.26238792114,55,2022-01-20
"Reference: Fixed, Report: Day of week",2022-01-20,2022-01-02,15-34,DE,54,FALSE,4,57.3605,57,1.93220248763597,1.4826,54,55,56,56,57,59,59,60,61,62,1.00100003902007,1664.48648522924,1836.36137235266,55,2022-01-20
"Reference: Age, Report: Day of week",2022-01-20,2022-01-02,15-34,DE,54,FALSE,4,57.1365,57,1.83181481672176,1.4826,54,55,56,56,57,58,59,59,60,61,1.00010070763783,1987.56655463567,1913.23906308791,55,2022-01-20
"Reference: Age and week, Report: Day of week",2022-01-20,2022-01-02,15-34,DE,54,FALSE,4,57.121,57,1.86228167754592,1.4826,54,54,56,56,57,58,59,60,61,61,1.00093919483302,2167.8963475782,1907.73471986435,55,2022-01-20
"Reference: Age and week by age, Report: Day of week",2022-01-20,2022-01-02,15-34,DE,54,FALSE,4,56.6055,56,2.12016916981979,1.4826,54,54,55,55,56,58,58,59,60,60,1.0139418450289,814.004932658443,1932.14440183567,55,2022-01-20
"Independent by age, Reference: Week, Report: Day of week",2022-01-20,2022-01-02,15-34,DE,54,FALSE,1,56.5735,56,1.72716220855116,1.4826,54,54,55,55,56,58,58,59,60,60,1.00001528028362,1777.67286378927,1790.59475873489,55,2022-01-20
"Independent by age, Reference: Week and day of week, Report: Day of week",2022-01-20,2022-01-02,15-34,DE,54,FALSE,1,55.797,56,1.52445169700068,1.4826,54,54,54,55,56,57,57,58,59,59,1.000918209662,1537.46273597644,1728.56043097402,54,2022-01-20
"Reference: Fixed, Report: Fixed",2022-01-20,2022-01-03,15-34,DE,53,FALSE,4,58.046,58,2.54265934766715,2.9652,54,54,56,56,58,60,60,61,62.05,64,0.999886080936925,2135.53854569914,1837.18194289802,55,2022-01-20
"Reference: Fixed, Report: Day of week",2022-01-20,2022-01-03,15-34,DE,53,FALSE,4,56.744,57,2.03360068988062,1.4826,54,54,55,55,57,58,58,59,60,61,1.00223076550705,1881.91270202041,2052.40778809763,54,2022-01-20
"Reference: Age, Report: Day of week",2022-01-20,2022-01-03,15-34,DE,53,FALSE,4,56.5845,56,2.0104429089992,1.4826,53,54,55,55,56,58,58,59,60,61,1.0008721164891,2040.78910701145,1855.365458125,54,2022-01-20
"Reference: Age and week, Report: Day of week",2022-01-20,2022-01-03,15-34,DE,53,FALSE,4,56.6245,56,1.98380127123204,1.4826,53,54,55,55,56,58,58,59,60,61,0.999936634470078,2134.29466531471,2104.16547920364,54,2022-01-20
"Reference: Age and week by age, Report: Day of week",2022-01-20,2022-01-03,15-34,DE,53,FALSE,4,56.3035,56,2.28932484678935,1.4826,53,54,55,55,56,57,58,59,60,60.0249999999999,1.00619231604871,1627.69317870483,2044.48101474476,54,2022-01-20
"Independent by age, Reference: Week, Report: Day of week",2022-01-20,2022-01-03,15-34,DE,53,FALSE,1,55.904,56,1.89514637690468,1.4826,53,53,54,54,56,57,57,58,60,60,1.00055866412412,2003.93544665439,1898.97447693135,54,2022-01-20
"Independent by age, Reference: Week and day of week, Report: Day of week",2022-01-20,2022-01-03,15-34,DE,53,FALSE,1,56.4465,56,2.15672517529259,1.4826,53,54,55,55,56,58,58,59,60,61,0.999680852572972,1652.54960952975,1756.93582500288,54,2022-01-20
"Reference: Fixed, Report: Fixed",2022-01-20,2022-01-04,15-34,DE,126,FALSE,4,134.7645,134,3.40864330410022,2.9652,129,130,132,132,134,137,138,139,141,142,1.00025978638313,2048.96332601187,1997.54030157871,131,2022-01-20
"Reference: Fixed, Report: Day of week",2022-01-20,2022-01-04,15-34,DE,126,FALSE,4,132.375,132,2.68588569954038,2.9652,128,128,130,130,132,134,135,136,137,138,1.00023943727443,1982.86613844803,1980.85992067035,129,2022-01-20
"Reference: Age, Report: Day of week",2022-01-20,2022-01-04,15-34,DE,126,FALSE,4,132.3255,132,2.63249211914845,2.9652,128,128,130,130,132,134,135,136,137,138,1.00141724462357,2006.32256574566,1957.26781361385,129,2022-01-20
"Reference: Age and week, Report: Day of week",2022-01-20,2022-01-04,15-34,DE,126,FALSE,4,132.306,132,2.64080497679453,2.9652,128,128,130,130,132,134,135,136,137,138,0.999826457570907,2120.24779110715,1812.66425668126,129,2022-01-20
"Reference: Age and week by age, Report: Day of week",2022-01-20,2022-01-04,15-34,DE,126,FALSE,4,132.7105,132,4.03383510605372,2.9652,128,129,130,131,132,134,135,136.1,138,139,1.00085478786648,1651.71033176757,1547.96480001988,129,2022-01-20
"Independent by age, Reference: Week, Report: Day of week",2022-01-20,2022-01-04,15-34,DE,126,FALSE,1,131.055,131,2.48516861229088,2.9652,127,128,129,129,131,133,133,134,135,136,1.00022213377105,1897.77330448191,1853.72556344065,128,2022-01-20
"Independent by age, Reference: Week and day of week, Report: Day of week",2022-01-20,2022-01-04,15-34,DE,126,FALSE,1,131.226,131,2.76871032765062,2.9652,127,127,129,129,131,133,133,135,136,138,1.00041341194027,1902.2841064361,1931.0171673809,128,2022-01-20
"Reference: Fixed, Report: Fixed",2022-01-20,2022-01-05,15-34,DE,155,FALSE,4,166.9785,167,4.22136799199761,4.4478,160,160,163,164,167,170,170,172,175,176,1.00115372300436,2053.84282026725,1986.63135858797,162,2022-01-20
"Reference: Fixed, Report: Day of week",2022-01-20,2022-01-05,15-34,DE,155,FALSE,4,164.7015,164,3.37329027711029,2.9652,159,160,162,162,164,167,167,169,171,172,0.999307541956375,1812.13223991274,1581.54861429486,160,2022-01-20
"Reference: Age, Report: Day of week",2022-01-20,2022-01-05,15-34,DE,155,FALSE,4,164.436,164,3.23946771484727,2.9652,159,159,162,162,164,167,167,169,170,171,0.999863523578093,1914.7872019013,1761.19352994135,160,2022-01-20
"Reference: Age and week, Report: Day of week",2022-01-20,2022-01-05,15-34,DE,155,FALSE,4,164.6015,164,3.38029746553136,2.9652,159,159,162,162,164,167,167,169,170,172,0.999425343321516,2190.91576022078,1760.5574428259,160,2022-01-20
"Reference: Age and week by age, Report: Day of week",2022-01-20,2022-01-05,15-34,DE,155,FALSE,4,165.655,166,5.10137108956962,2.9652,159,160,163,163,166,168,169,170,172,173,1.00936889009631,1158.92328101656,1747.80693886337,161,2022-01-20
"Independent by age, Reference: Week, Report: Day of week",2022-01-20,2022-01-05,15-34,DE,155,FALSE,1,162.589,162,3.2572048894483,2.9652,157,158,160,160,162,165,165,167,168,170,0.999519210238408,1706.20250912619,2008.55318916824,159,2022-01-20
"Independent by age, Reference: Week and day of week, Report: Day of week",2022-01-20,2022-01-05,15-34,DE,155,FALSE,1,162.4305,162,3.44791441409201,2.9652,157,157,160,160,162,164,165,167,169,170,1.00086699983758,1587.80535898486,1975.81012573778,158,2022-01-20
"Reference: Fixed, Report: Fixed",2022-01-20,2022-01-06,15-34,DE,134,FALSE,4,148.003,148,4.73150975823744,4.4478,140,141,144,145,148,151,152,154,156,158,1.00038154727519,2193.9635188066,1958.01615790823,142,2022-01-20
"Reference: Fixed, Report: Day of week",2022-01-20,2022-01-06,15-34,DE,134,FALSE,4,145.33,145,3.79081589404857,4.4478,139,140,142,143,145,148,149,150,152,153,1.00008507933893,2050.04663720554,1953.21165029814,141,2022-01-20
"Reference: Age, Report: Day of week",2022-01-20,2022-01-06,15-34,DE,134,FALSE,4,145.1145,145,3.73528659315005,4.4478,139,139,142,142,145,147,148,150,152,153,0.999600076001178,2023.34729418213,2067.79595021179,140.9,2022-01-20
"Reference: Age and week, Report: Day of week",2022-01-20,2022-01-06,15-34,DE,134,FALSE,4,144.902,145,3.6186936139629,2.9652,139,139,142,142,145,147,148,150,151,153,0.999232152210982,2232.76715888772,1824.40593489024,140,2022-01-20
"Reference: Age and week by age, Report: Day of week",2022-01-20,2022-01-06,15-34,DE,134,FALSE,4,146.749,147,5.22174609840024,4.4478,140,141,143,144,147,149,150,152,154,156,1.03817959157396,50.6240771408463,366.119590538254,142,2022-01-20
"Independent by age, Reference: Week, Report: Day of week",2022-01-20,2022-01-06,15-34,DE,134,FALSE,1,142.8575,143,3.47105428637028,2.9652,137,138,140,140,143,145,146,148,149,150,1.00130082293165,1701.41875473116,1866.75363682865,139,2022-01-20
"Independent by age, Reference: Week and day of week, Report: Day of week",2022-01-20,2022-01-06,15-34,DE,134,FALSE,1,141.957,142,3.47637650388999,2.9652,137,137,139,139,142,144,145,146,148,150,1.00003918931974,1879.17222117845,1791.21258214953,138,2022-01-20
"Reference: Fixed, Report: Fixed",2022-01-20,2022-01-07,15-34,DE,127,FALSE,4,143.494,143,5.34866975369269,5.9304,134,135,139,140,143,147,148,151,153,155,1.00051402474842,2088.75115039718,1860.18056666162,137,2022-01-20
"Reference: Fixed, Report: Day of week",2022-01-20,2022-01-07,15-34,DE,127,FALSE,4,140.976,141,4.30705228081513,4.4478,133,134,137,138,141,144,145,147,149,150,1.00046488199072,2039.73272761057,1999.66124392011,136,2022-01-20
"Reference: Age, Report: Day of week",2022-01-20,2022-01-07,15-34,DE,127,FALSE,4,140.77,140,4.27027137414057,4.4478,133,134,137,138,140,144,144,146,148,150,0.999308349631198,2122.23400107998,2023.10350247447,136,2022-01-20
"Reference: Age and week, Report: Day of week",2022-01-20,2022-01-07,15-34,DE,127,FALSE,4,140.7865,141,4.16552440237401,4.4478,133,134,137,138,141,143,144,146,148,149,1.00099577289745,1697.49034553784,1901.79109505847,136,2022-01-20
"Reference: Age and week by age, Report: Day of week",2022-01-20,2022-01-07,15-34,DE,127,FALSE,4,141.351,141,5.28552432438749,4.4478,134,135,138,138,141,144,145,147,149,150,1.01937711683238,1126.59675709612,1305.68621411126,136,2022-01-20
"Independent by age, Reference: Week, Report: Day of week",2022-01-20,2022-01-07,15-34,DE,127,FALSE,1,137.9965,138,3.95212568103538,4.4478,131,132,135,135,138,140,141,143,145,146,0.999911134871358,1977.33716493605,1981.10225231951,133,2022-01-20
"Independent by age, Reference: Week and day of week, Report: Day of week",2022-01-20,2022-01-07,15-34,DE,127,FALSE,1,138.536,138,4.37541725302502,4.4478,131,132,135,135,138,141,142,144,146,148,1.00177199485265,2088.26977395737,1989.04747079105,133,2022-01-20
"Reference: Fixed, Report: Fixed",2022-01-20,2022-01-08,15-34,DE,138,FALSE,4,155.329,155,5.46833707402695,5.9304,146,147,151,151,155,159,160,163,165,167,1.00067950285769,2251.20485301254,1818.40679443534,149,2022-01-20
"Reference: Fixed, Report: Day of week",2022-01-20,2022-01-08,15-34,DE,138,FALSE,4,154.6035,154,4.80862237804002,4.4478,146,147,151,151,154,158,158,161,163,165,0.999596436621242,1973.56371313811,1911.69136180607,149,2022-01-20
"Reference: Age, Report: Day of week",2022-01-20,2022-01-08,15-34,DE,138,FALSE,4,154.4435,154,4.72101172693554,4.4478,146,147,150,151,154,157,158,161,163,164,0.999769258917665,2149.32701224855,1922.67694161922,149,2022-01-20
"Reference: Age and week, Report: Day of week",2022-01-20,2022-01-08,15-34,DE,138,FALSE,4,153.9735,154,4.65313051200811,4.4478,146,147,150,151,154,157,158,160,163,164,1.00030220086251,1990.45567803723,1853.25756648406,148,2022-01-20
"Reference: Age and week by age, Report: Day of week",2022-01-20,2022-01-08,15-34,DE,138,FALSE,4,154.6965,155,6.71914884718409,5.9304,145,146,150,151,155,159,160,162,164,166,1.3197910474533,5.00098081722944,40.4666669004027,147,2022-01-20
"Independent by age, Reference: Week, Report: Day of week",2022-01-20,2022-01-08,15-34,DE,138,FALSE,1,151.1365,151,4.54391806106501,4.4478,143,145,147,148,151,154,155,157,159,161,1.00119373425497,1786.64202319432,1344.51820727703,146,2022-01-20
"Independent by age, Reference: Week and day of week, Report: Day of week",2022-01-20,2022-01-08,15-34,DE,138,FALSE,1,149.196,149,4.62474627834539,4.4478,141,142,145,146,149,152,153,155,157,159,1.00145306845075,1703.26433393304,1921.02310485249,144,2022-01-20
"Reference: Fixed, Report: Fixed",2022-01-20,2022-01-09,15-34,DE,64,FALSE,4,76.264,76,4.58386408011325,4.4478,68,69,72,73,76,79,80,82,84,86,1.00011408229221,2151.9348165195,1962.81361389432,71,2022-01-20
"Reference: Fixed, Report: Day of week",2022-01-20,2022-01-09,15-34,DE,64,FALSE,4,75.7685,76,3.82533977081528,4.4478,69,70,73,73,76,78,79,81,82,84,1.00290750859097,1931.81278023328,1808.078369672,71,2022-01-20
"Reference: Age, Report: Day of week",2022-01-20,2022-01-09,15-34,DE,64,FALSE,4,75.44,75,3.87877847540055,4.4478,69,70,72,73,75,78,79,81,82,84,1.00176034817779,1748.79565264357,1984.27967025465,71,2022-01-20
"Reference: Age and week, Report: Day of week",2022-01-20,2022-01-09,15-34,DE,64,FALSE,4,75.704,75,3.92595090968706,4.4478,69,70,72,73,75,78,79,81,83,84,0.999413911025403,2207.70482467759,2068.61922409294,71,2022-01-20
"Reference: Age and week by age, Report: Day of week",2022-01-20,2022-01-09,15-34,DE,64,FALSE,4,73.098,73,3.75958285340486,2.9652,67,68,70,71,73,75,76,78,79,81,1.03194990461143,64.6252728320801,1244.18227875535,69,2022-01-20
"Independent by age, Reference: Week, Report: Day of week",2022-01-20,2022-01-09,15-34,DE,64,FALSE,1,73.0645,73,3.65267172838974,2.9652,67,68,70,70,73,75,76,78,80,81,1.001243364289,2006.67463687776,1913.95631552795,69,2022-01-20
"Independent by age, Reference: Week and day of week, Report: Day of week",2022-01-20,2022-01-09,15-34,DE,64,FALSE,1,70.694,70,3.41865581827155,2.9652,65,66,68,68,70,73,73,75,77,78,1.00065443116777,1265.8258249427,1891.01041801576,67,2022-01-20
"Reference: Fixed, Report: Fixed",2022-01-20,2022-01-10,15-34,DE,61,FALSE,4,75.4305,75,5.07178777805547,4.4478,67,68,71,72,75,78.25,79,82,85,87,1.00087545205607,1917.08599743836,1910.25572317863,69,2022-01-20
"Reference: Fixed, Report: Day of week",2022-01-20,2022-01-10,15-34,DE,61,FALSE,4,72.9585,73,3.94785644815863,4.4478,66,67,70,70,73,75,76,78,80,81,1.0006703602402,2122.55644358845,1905.86699159718,68,2022-01-20
"Reference: Age, Report: Day of week",2022-01-20,2022-01-10,15-34,DE,61,FALSE,4,72.639,72,3.99507938965734,4.4478,66,67,69,70,72,75,76,78,79,81,0.999290999536817,2014.1009426313,1843.31909022491,68,2022-01-20
"Reference: Age and week, Report: Day of week",2022-01-20,2022-01-10,15-34,DE,61,FALSE,4,72.7455,72.5,3.87894997086044,3.7065,66,67,70,70,72.5,75,76,78,80,81,1.00044642031683,2166.97482796662,1956.51671659564,68,2022-01-20
"Reference: Age and week by age, Report: Day of week",2022-01-20,2022-01-10,15-34,DE,61,FALSE,4,69.53,69,3.98007795278624,2.9652,63,64,67,67,69,72,72,75,76,78,1.15451199469745,8.95219399117862,391.269968818377,65,2022-01-20
"Independent by age, Reference: Week, Report: Day of week",2022-01-20,2022-01-10,15-34,DE,61,FALSE,1,70.547,70,3.77742312466202,2.9652,64,65,67,68,70,73,74,76,77,79,1.00285840346722,1814.50715190638,1876.35702705582,66,2022-01-20
"Independent by age, Reference: Week and day of week, Report: Day of week",2022-01-20,2022-01-10,15-34,DE,61,FALSE,1,71.6885,71,4.29833753942165,4.4478,64,65,68,69,71,74,75,77,79,81,0.99996177128758,1973.29579302734,1788.43659901708,67,2022-01-20
"Reference: Fixed, Report: Fixed",2022-01-20,2022-01-11,15-34,DE,135,FALSE,4,158.292,158,6.95794096491452,7.413,146,148,152,153,158,163,164,168,170,173,0.999706076230417,2100.69610423135,1763.82684879359,150,2022-01-20
"Reference: Fixed, Report: Day of week",2022-01-20,2022-01-11,15-34,DE,135,FALSE,4,153.8925,153,5.13635423402716,4.4478,145,146,150,150,153,157,158,160,163,165,1.00000284978555,2161.96024553571,1971.43882971204,148,2022-01-20
"Reference: Age, Report: Day of week",2022-01-20,2022-01-11,15-34,DE,135,FALSE,4,153.1455,153,4.98575557256016,4.4478,144,146,149,150,153,156,157,160,162,164,0.999696519625724,1935.08014306949,1867.86267675263,147,2022-01-20
"Reference: Age and week, Report: Day of week",2022-01-20,2022-01-11,15-34,DE,135,FALSE,4,153.305,153,5.07610662114328,4.4478,144,145.95,149,150,153,157,157,160,162,164,1.00070908201075,2173.34704416464,1883.54958506412,147,2022-01-20
"Reference: Age and week by age, Report: Day of week",2022-01-20,2022-01-11,15-34,DE,135,FALSE,4,152.817,153,5.88751581069729,4.4478,144,145,149,150,153,156,157,159,161,163,1.01821457033181,990.312062638189,1435.31028163689,147,2022-01-20
"Independent by age, Reference: Week, Report: Day of week",2022-01-20,2022-01-11,15-34,DE,135,FALSE,1,149.9865,150,5.02503166374211,4.4478,141,143,146,146,150,153,154,156,159,161,0.999773688156231,2062.28159936729,1971.29296820163,144,2022-01-20
"Independent by age, Reference: Week and day of week, Report: Day of week",2022-01-20,2022-01-11,15-34,DE,135,FALSE,1,150.8705,150,5.57317323254355,5.9304,141,143,146,147,150,154,155,158,161,163,1.00099659070399,2159.49275216134,1967.06688377843,144,2022-01-20
"Reference: Fixed, Report: Fixed",2022-01-20,2022-01-12,15-34,DE,131,FALSE,4,161.8245,161,8.98014594873771,8.8956,146,148,154,155,161,168,169,173,178,181,1.0001116613118,2238.07409729521,1752.10741413006,150,2022-01-20
"Reference: Fixed, Report: Day of week",2022-01-20,2022-01-12,15-34,DE,131,FALSE,4,156.2155,156,6.16190265032937,5.9304,145,147,151,152,156,160,161,164,167,169,0.999911090920884,2208.28164061453,1930.93573721677,149,2022-01-20
"Reference: Age, Report: Day of week",2022-01-20,2022-01-12,15-34,DE,131,FALSE,4,155.906,156,6.16775360988879,5.9304,145,146,151,152,156,160,161,164,167,169,0.999932305665505,2398.38246956697,1844.81821210103,148,2022-01-20
"Reference: Age and week, Report: Day of week",2022-01-20,2022-01-12,15-34,DE,131,FALSE,4,155.3585,155,6.20429080251572,5.9304,145,146,150,151,155,159,161,164,166,168,1.00303135224608,1770.6249441214,1900.50319865919,148,2022-01-20
"Reference: Age and week by age, Report: Day of week",2022-01-20,2022-01-12,15-34,DE,131,FALSE,4,157.8185,158,7.43567094156106,5.9304,145.975,147,153,153.75,158,162,163,166,169,171,1.02559473520884,162.988560437082,1074.23509771349,150,2022-01-20
"Independent by age, Reference: Week, Report: Day of week",2022-01-20,2022-01-12,15-34,DE,131,FALSE,1,151.499,151,6.28145901552194,5.9304,141,142,146,147,151,155,157,160,163,165,0.999516662021145,2017.29609643332,1607.92389430706,144,2022-01-20
"Independent by age, Reference: Week and day of week, Report: Day of week",2022-01-20,2022-01-12,15-34,DE,131,FALSE,1,152.054,151,6.93477682155543,7.413,140,142,146,147,151,156,158,161,164,167,0.999904843464793,2128.25512252301,1865.08246693151,143,2022-01-20
"Reference: Fixed, Report: Fixed",2022-01-20,2022-01-13,15-34,DE,141,FALSE,4,178.72,178,10.5472850824895,10.3782,161,163,170,171,178,185,187,193,197,202,1.00088992552241,2267.81353749644,1771.03042892584,166,2022-01-20
"Reference: Fixed, Report: Day of week",2022-01-20,2022-01-13,15-34,DE,141,FALSE,4,175.8625,175,7.90865773589879,7.413,162,164,169,170,175,181,183,186,189,192,1.00055328900996,2176.30610832332,1906.23369725101,166,2022-01-20
"Reference: Age, Report: Day of week",2022-01-20,2022-01-13,15-34,DE,141,FALSE,4,174.7815,174,7.87214984115272,7.413,161,163,168,169,174,180,181,185,189,191.025,1.0023304849692,2084.66623210185,1758.30568965424,165,2022-01-20
"Reference: Age and week, Report: Day of week",2022-01-20,2022-01-13,15-34,DE,141,FALSE,4,175.007,175,7.63892188491163,7.413,161,163,168,170,175,180,181,185,188,191,1.00053501342413,2188.84718860981,1860.20535814909,165,2022-01-20
"Reference: Age and week by age, Report: Day of week",2022-01-20,2022-01-13,15-34,DE,141,FALSE,4,175.707,176,8.89740034315829,7.413,161,163,169,170,176,181,182,186,189,192,1.04522906631321,51.3011192504803,167.281259526631,166,2022-01-20
"Independent by age, Reference: Week, Report: Day of week",2022-01-20,2022-01-13,15-34,DE,141,FALSE,1,168.181,168,7.5930933441692,7.413,155,157,162,163,168,173,174,178,182,185,1.00224810091933,2144.92062496873,1972.09345513249,159,2022-01-20
"Independent by age, Reference: Week and day of week, Report: Day of week",2022-01-20,2022-01-13,15-34,DE,141,FALSE,1,166.7935,166,7.84121164425658,7.413,153,155,160,161,166,172,173,177,180.05,184,0.999270852545077,1792.42777684051,2084.1263045276,157,2022-01-20
"Reference: Fixed, Report: Fixed",2022-01-20,2022-01-14,15-34,DE,106,FALSE,4,145.107,143,11.3022308068189,10.3782,127,129,136,137,143,152,154,160,166,171,1.00255408818237,2437.32331593147,2101.98968572961,132,2022-01-20
"Reference: Fixed, Report: Day of week",2022-01-20,2022-01-14,15-34,DE,106,FALSE,4,143.4675,143,8.63389922676475,8.8956,129,131,136,137,143,149,150.2,155,158,162,1.00115202263939,2102.99066662523,1881.06643748306,133,2022-01-20
"Reference: Age, Report: Day of week",2022-01-20,2022-01-14,15-34,DE,106,FALSE,4,142.199,141,8.43581534235104,7.413,128,130,135,136,141,147,149,153,157,161,1.00004090046514,2183.95704874497,1827.39645270176,132,2022-01-20
"Reference: Age and week, Report: Day of week",2022-01-20,2022-01-14,15-34,DE,106,FALSE,4,141.906,141,8.33714087436331,8.8956,128,130,135,136,141,147,149,153,157,160,0.999935655591117,1990.81888804827,1992.58990000919,132,2022-01-20
"Reference: Age and week by age, Report: Day of week",2022-01-20,2022-01-14,15-34,DE,106,FALSE,4,140.72,140,8.45093540115988,7.413,126.975,129,134,136,140,146,147,151,154,158,1.01745709480088,1142.22310371958,1147.46829527675,131,2022-01-20
"Independent by age, Reference: Week, Report: Day of week",2022-01-20,2022-01-14,15-34,DE,106,FALSE,1,135.134,135,8.21168435096844,8.8956,121,123,128,129,135,140,142,146,149,153,0.999757764307298,1939.39669524188,1976.36301276871,125,2022-01-20
"Independent by age, Reference: Week and day of week, Report: Day of week",2022-01-20,2022-01-14,15-34,DE,106,FALSE,1,136.5525,136,8.79101158526971,8.8956,122,123,129,130,136,142,143,148,152,155,0.999691119868494,2337.54551563838,1840.19409496601,126,2022-01-20
"Reference: Fixed, Report: Fixed",2022-01-20,2022-01-15,15-34,DE,94,FALSE,4,133.3765,132,11.6940208145618,11.8608,114,117,123,125,132,140,142,149,154,159.025,0.999488716942112,2509.28940472872,1903.22165236815,120,2022-01-20
"Reference: Fixed, Report: Day of week",2022-01-20,2022-01-15,15-34,DE,94,FALSE,4,135.5585,135,9.50782715127748,8.8956,118,121,127,129,135,142,143,148,151.05,156,0.999894945164912,2134.10948892323,1964.20961738263,124,2022-01-20
"Reference: Age, Report: Day of week",2022-01-20,2022-01-15,15-34,DE,94,FALSE,4,132.884,132,9.27424119671725,8.8956,117,119,125,126,132,139,140,145,149,153,0.99928491228851,2118.26099580535,2023.5991381897,122,2022-01-20
"Reference: Age and week, Report: Day of week",2022-01-20,2022-01-15,15-34,DE,94,FALSE,4,133.1175,133,8.96704509294168,8.8956,117,119.95,125.8,127,133,139,140,145,149,152,1.00056218959984,1837.75783154886,1923.63427955166,122,2022-01-20
"Reference: Age and week by age, Report: Day of week",2022-01-20,2022-01-15,15-34,DE,94,FALSE,4,125.696,126,9.46067313504087,8.8956,108,110,118,120,126,132,133,137,140,143,1.05652060147444,29.4852948697571,60.7748229057943,114,2022-01-20
"Independent by age, Reference: Week, Report: Day of week",2022-01-20,2022-01-15,15-34,DE,94,FALSE,1,126.8675,126,9.96049946161147,8.8956,111,112,118,120,126,133,134,140,145,149,1.00055225520079,1906.86760222601,1606.73890976822,115,2022-01-20
"Independent by age, Reference: Week and day of week, Report: Day of week",2022-01-20,2022-01-15,15-34,DE,94,FALSE,1,122.924,122,9.71979738629439,8.8956,107,109,115,116,122,129,130,135,140,143,0.999872887319838,2104.94300347015,1752.65949030602,111,2022-01-20
"Reference: Fixed, Report: Fixed",2022-01-20,2022-01-16,15-34,DE,45,FALSE,4,81.157,80,11.6775225654517,10.3782,63,65,71,73,80,88,90,96,103,108,1.00018644164624,2266.01751548036,1780.0054475042,67,2022-01-20
"Reference: Fixed, Report: Day of week",2022-01-20,2022-01-16,15-34,DE,45,FALSE,4,77.0235,76,8.2314534660096,7.413,63,65,70,71,76,82,84,88,92,94.0249999999999,0.999855082169985,1897.91029003463,1891.66532069609,67,2022-01-20
"Reference: Age, Report: Day of week",2022-01-20,2022-01-16,15-34,DE,45,FALSE,4,74.9805,74,7.86460715947634,7.413,61,63,68,70,74,80,81,85,89,92,1.00038066798462,1916.06248684737,1775.17755631187,66,2022-01-20
"Reference: Age and week, Report: Day of week",2022-01-20,2022-01-16,15-34,DE,45,FALSE,4,75.068,75,7.98161820150258,7.413,61,63,68,69,75,80,81,86,89,92,1.0000791466703,2382.36267250119,1984.58923873176,65,2022-01-20
"Reference: Age and week by age, Report: Day of week",2022-01-20,2022-01-16,15-34,DE,45,FALSE,4,68.6885,67,8.35843283455247,7.413,56,58,62,63,67,73,75,80,83.75,83.75,1.18964569584831,7.78175413769496,321.366131759161,59.9,2022-01-20
"Independent by age, Reference: Week, Report: Day of week",2022-01-20,2022-01-16,15-34,DE,45,FALSE,1,70.802,70,8.33231719000648,7.413,57,59,64,65,70,76,77,81,86,90,0.999713144885388,1872.48898436727,1948.89281894649,61,2022-01-20
"Independent by age, Reference: Week and day of week, Report: Day of week",2022-01-20,2022-01-16,15-34,DE,45,FALSE,1,65.4505,65,8.3218493340224,7.413,52,54,58,60,65,70,72,77,81,84,1.00003397046438,1498.03741653852,1766.09531927949,56,2022-01-20
"Reference: Fixed, Report: Fixed",2022-01-20,2022-01-17,15-34,DE,35,FALSE,4,79.8255,78,14.9531885788395,14.0847,56,59,67.8,69,78,89,92,99.1000000000001,107,115,1.0002224300382,2345.34865897933,1963.43215113291,63,2022-01-20
"Reference: Fixed, Report: Day of week",2022-01-20,2022-01-17,15-34,DE,35,FALSE,4,67.0685,67,8.43459417752092,8.8956,52,54,60,61,67,72,74,78,82,85,1.00004531693957,1900.77462625827,1627.46779343972,57,2022-01-20
"Reference: Age, Report: Day of week",2022-01-20,2022-01-17,15-34,DE,35,FALSE,4,64.655,64,8.30821811486206,7.413,51,52,58,59,64,70,71,75.1000000000001,79,83,1.00022632422833,1744.22379912059,1775.93443436069,54.9,2022-01-20
"Reference: Age and week, Report: Day of week",2022-01-20,2022-01-17,15-34,DE,35,FALSE,4,64.632,64,8.49067852476499,8.8956,50,52,58,59,64,70,71,76,80,84,1.00007639424196,2021.14090033408,1903.90353014801,55,2022-01-20
"Reference: Age and week by age, Report: Day of week",2022-01-20,2022-01-17,15-34,DE,35,FALSE,4,62.972,63,8.36762956949614,7.413,48,50,57,58,63,68,69,73,77,78.75,1.06847549710477,426.13259321358,93.9757370153432,53,2022-01-20
"Independent by age, Reference: Week, Report: Day of week",2022-01-20,2022-01-17,15-34,DE,35,FALSE,1,61.276,61,9.00274117557187,8.8956,46,48,54,55,61,66,68,73,77,81,1.00044270120482,1947.55694072494,1729.12386811253,50,2022-01-20
"Independent by age, Reference: Week and day of week, Report: Day of week",2022-01-20,2022-01-17,15-34,DE,35,FALSE,1,60.57,60,8.61848241394967,8.8956,46,48,53,55,60,66,67,72,76,80,1.00039035108301,2093.425114528,2010.64771716965,50,2022-01-20
"Reference: Fixed, Report: Fixed",2022-01-20,2022-01-18,15-34,DE,115,FALSE,4,203.0215,199.5,27.6933114216908,24.4629,161.975,165.95,181,184,199.5,217,223,238.1,252.05,268.025,0.999275846701587,2357.7564255211,1971.5833495724,172,2022-01-20
"Reference: Fixed, Report: Day of week",2022-01-20,2022-01-18,15-34,DE,115,FALSE,4,182.3285,181,14.6684753752705,14.826,157,161,170,172,181,191,194,202,208,215.025,1.00010134401777,2487.97341460784,1876.11760237921,165,2022-01-20
"Reference: Age, Report: Day of week",2022-01-20,2022-01-18,15-34,DE,115,FALSE,4,177.394,176,14.4887447994273,13.3434,152,156,166,168,176,186.25,189,196,203,208,1.00003533654343,2292.96463418902,1639.3350026783,160,2022-01-20
"Reference: Age and week, Report: Day of week",2022-01-20,2022-01-18,15-34,DE,115,FALSE,4,176.872,175,14.8109857419864,13.3434,152,155,165,166,175,186,189,196,203,210,0.999729717308816,2015.59071675918,1695.27485971429,159,2022-01-20
"Reference: Age and week by age, Report: Day of week",2022-01-20,2022-01-18,15-34,DE,115,FALSE,4,130.8275,126,13.3743104435302,7.413,118,119,121,122,126,136,138,147,156,157.5,1.53922929638522,3.59451245026043,40.603615272445,120,2022-01-20
"Independent by age, Reference: Week, Report: Day of week",2022-01-20,2022-01-18,15-34,DE,115,FALSE,1,170.1855,168,16.1285199050367,14.826,144,147,157,159,168,179,182.2,191,199,206,1.00059495376094,2109.84561396974,2007.53338691864,151,2022-01-20
"Independent by age, Reference: Week and day of week, Report: Day of week",2022-01-20,2022-01-18,15-34,DE,115,FALSE,1,174.631,172,18.3044629990295,17.0499,146,149,159,162,172,185,189,199,207,215.025,1.00050646051064,2279.99282605122,1889.3860401668,153,2022-01-20
"Reference: Fixed, Report: Fixed",2022-01-20,2022-01-19,15-34,DE,103,FALSE,4,239.513,232,47.6111146700018,42.9954,172,178,200,206,232,266,276,301.1,330,356.075,0.999615580073321,2333.33345566258,2045.97929795015,187,2022-01-20
"Reference: Fixed, Report: Day of week",2022-01-20,2022-01-19,15-34,DE,103,FALSE,4,207.7435,205,23.4054612336048,22.239,170,174,188,191,205,222,226,239,251,260.025,1.00008547324266,2202.70958574707,1838.11036384822,180,2022-01-20
"Reference: Age, Report: Day of week",2022-01-20,2022-01-19,15-34,DE,103,FALSE,4,200.7535,198,22.8740540552929,22.239,161.975,168,182,184,198,214,218,231,243,254.025,1.00013818626041,2345.44730060317,1795.36370501619,174,2022-01-20
"Reference: Age and week, Report: Day of week",2022-01-20,2022-01-19,15-34,DE,103,FALSE,4,201.619,199,23.8043727722774,22.239,161,167,182,185,199,215.25,220,233,244,254.025,0.999590784365591,2327.70264697232,2010.8087947074,173,2022-01-20
"Reference: Age and week by age, Report: Day of week",2022-01-20,2022-01-19,15-34,DE,103,FALSE,4,127.036,115,25.9413797164067,10.3782,106,106,109,110,115,138,143.75,143.75,143.75,143.75,1.60791178575281,3.44513193679591,101.719598407209,108,2022-01-20
"Independent by age, Reference: Week, Report: Day of week",2022-01-20,2022-01-19,15-34,DE,103,FALSE,1,193.0275,190,26.4840602339074,25.2042,150,155,171,174,190,208,213,227,241.05,254,1.001194047298,2363.28816581636,1850.03711685379,162,2022-01-20
"Independent by age, Reference: Week and day of week, Report: Day of week",2022-01-20,2022-01-19,15-34,DE,103,FALSE,1,200.7375,197,30.2011034082124,26.6868,152,158.95,176,181,197,217,222,240,256,271,0.999435198099064,2346.34290607766,1819.39581793869,166,2022-01-20
"Reference: Fixed, Report: Fixed",2022-01-20,2022-01-20,15-34,DE,51,FALSE,4,237.3675,221,80.4512874264563,68.1996,131,140,172,181,221,276,291.2,340,389,438.025,0.999853101238454,2634.48491585862,1826.61552723885,153,2022-01-20
"Reference: Fixed, Report: Day of week",2022-01-20,2022-01-20,15-34,DE,51,FALSE,4,186.7435,181,40.2690763117743,37.065,125,132,153,158,181,209,215,239,263.05,281.025,0.999600160054502,2581.85430599361,1932.76475843795,141,2022-01-20
"Reference: Age, Report: Day of week",2022-01-20,2022-01-20,15-34,DE,51,FALSE,4,176.7685,172,36.3133892506529,32.6172,118.975,126.95,146,151,172,196,203,225,243,263.025,1.00027941044135,2499.15410508513,1928.67317272187,135,2022-01-20
"Reference: Age and week, Report: Day of week",2022-01-20,2022-01-20,15-34,DE,51,FALSE,4,177.8015,173,37.5206476123297,35.5824,118,126,146,151,173,200,207,227,247,263.025,1.00045510881322,2514.79514942932,1631.99180776696,134,2022-01-20
"Reference: Age and week by age, Report: Day of week",2022-01-20,2022-01-20,15-34,DE,51,FALSE,4,109.8535,99,35.0976916866461,20.7564,70,75,85,88,99,121,123.75,123.75,123.75,123.75,1.19726024777296,22.4090624129669,84.5962194087819,80,2022-01-20
"Independent by age, Reference: Week, Report: Day of week",2022-01-20,2022-01-20,15-34,DE,51,FALSE,1,174.0245,167,45.2145339109937,39.2889,108,115,137,143,167,197,206.2,234,256.05,282.025,1.0040310503701,2618.039367346,1768.9908401518,124,2022-01-20
"Independent by age, Reference: Week and day of week, Report: Day of week",2022-01-20,2022-01-20,15-34,DE,51,FALSE,1,176.846,170,45.2689951839278,40.0302,109,116,140,146,170,201,211,236.1,261,283,0.999828872225804,2961.80804538744,1978.666290233,126.9,2022-01-20
"Reference: Fixed, Report: Fixed",2022-01-20,2021-12-12,35-59,DE,224,FALSE,5,224,224,0,0,224,224,224,224,224,224,224,224,224,224,,,,224,2022-01-20
"Reference: Fixed, Report: Day of week",2022-01-20,2021-12-12,35-59,DE,224,FALSE,5,224,224,0,0,224,224,224,224,224,224,224,224,224,224,,,,224,2022-01-20
"Reference: Age, Report: Day of week",2022-01-20,2021-12-12,35-59,DE,224,FALSE,5,224,224,0,0,224,224,224,224,224,224,224,224,224,224,,,,224,2022-01-20
"Reference: Age and week, Report: Day of week",2022-01-20,2021-12-12,35-59,DE,224,FALSE,5,224,224,0,0,224,224,224,224,224,224,224,224,224,224,,,,224,2022-01-20
"Reference: Age and week by age, Report: Day of week",2022-01-20,2021-12-12,35-59,DE,224,FALSE,5,223.888,224,5.00879226959953,0,224,224,224,224,224,224,224,224,224,224,1,2008.04825741572,,224,2022-01-20
"Independent by age, Reference: Week, Report: Day of week",2022-01-20,2021-12-12,35-59,DE,224,FALSE,1,224,224,0,0,224,224,224,224,224,224,224,224,224,224,,,,224,2022-01-20
"Independent by age, Reference: Week and day of week, Report: Day of week",2022-01-20,2021-12-12,35-59,DE,224,FALSE,1,224,224,0,0,224,224,224,224,224,224,224,224,224,224,,,,224,2022-01-20
"Reference: Fixed, Report: Fixed",2022-01-20,2021-12-13,35-59,DE,122,FALSE,5,122.273,122,0.546461627339997,0,122,122,122,122,122,122,123,123,123,124,0.999772864826072,1921.41246201064,1910.70126361579,122,2022-01-20
"Reference: Fixed, Report: Day of week",2022-01-20,2021-12-13,35-59,DE,122,FALSE,5,122.0365,122,0.190225768289842,0,122,122,122,122,122,122,122,122,122,123,1.00008450273112,1896.47538618602,1886.42205575193,122,2022-01-20
"Reference: Age, Report: Day of week",2022-01-20,2021-12-13,35-59,DE,122,FALSE,5,122.047,122,0.214041834587252,0,122,122,122,122,122,122,122,122,122,123,0.999841978341239,1692.68643363758,1790.52412515233,122,2022-01-20
"Reference: Age and week, Report: Day of week",2022-01-20,2021-12-13,35-59,DE,122,FALSE,5,122.0405,122,0.204647722550662,0,122,122,122,122,122,122,122,122,122,123,1.00051511934034,2122.19458988525,2121.19582623509,122,2022-01-20
"Reference: Age and week by age, Report: Day of week",2022-01-20,2021-12-13,35-59,DE,122,FALSE,5,121.963,122,2.73301402902389,0,122,122,122,122,122,122,122,122,122,122,0.999547221738596,2012.78168593217,2016.94807141487,122,2022-01-20
"Independent by age, Reference: Week, Report: Day of week",2022-01-20,2021-12-13,35-59,DE,122,FALSE,1,122.008,122,0.0891065092178596,0,122,122,122,122,122,122,122,122,122,122,0.999503281427259,2040.10918579986,2040.10918579986,122,2022-01-20
"Independent by age, Reference: Week and day of week, Report: Day of week",2022-01-20,2021-12-13,35-59,DE,122,FALSE,1,122.0055,122,0.0739762545897098,0,122,122,122,122,122,122,122,122,122,122,0.999334453238711,2029.94847738023,2029.94847738023,122,2022-01-20
"Reference: Fixed, Report: Fixed",2022-01-20,2021-12-14,35-59,DE,263,FALSE,5,263.7825,264,0.949022693109084,1.4826,263,263,263,263,264,264,264,265,266,266,1.00060241048028,2090.10582615106,1908.78548136935,263,2022-01-20
"Reference: Fixed, Report: Day of week",2022-01-20,2021-12-14,35-59,DE,263,FALSE,5,263.1735,263,0.416514696314696,0,263,263,263,263,263,263,263,264,264,264,0.999142770637847,2041.26645287386,2048.48529379766,263,2022-01-20
"Reference: Age, Report: Day of week",2022-01-20,2021-12-14,35-59,DE,263,FALSE,5,263.1615,263,0.40804534123091,0,263,263,263,263,263,263,263,264,264,264,0.999509767046558,2016.51446595635,1983.18156709258,263,2022-01-20
"Reference: Age and week, Report: Day of week",2022-01-20,2021-12-14,35-59,DE,263,FALSE,5,263.1495,263,0.382390979797792,0,263,263,263,263,263,263,263,264,264,264,1.00052571405825,1930.75577601494,1927.38763081238,263,2022-01-20
"Reference: Age and week by age, Report: Day of week",2022-01-20,2021-12-14,35-59,DE,263,FALSE,5,263.019,263,5.89779882799573,0,263,263,263,263,263,263,263,264,264,264,0.999399771536901,2022.72237105727,2002.86430952893,263,2022-01-20
"Independent by age, Reference: Week, Report: Day of week",2022-01-20,2021-12-14,35-59,DE,263,FALSE,1,263.031,263,0.179039178711691,0,263,263,263,263,263,263,263,263,263,264,0.999114755205727,1819.02198702067,1808.37698834445,263,2022-01-20
"Independent by age, Reference: Week and day of week, Report: Day of week",2022-01-20,2021-12-14,35-59,DE,263,FALSE,1,263.0255,263,0.160818784166124,0,263,263,263,263,263,263,263,263,263,263.025,0.999365091489355,2030.01665839732,2028.41595761161,263,2022-01-20
"Reference: Fixed, Report: Fixed",2022-01-20,2021-12-15,35-59,DE,382,FALSE,5,384.001,384,1.55054864501256,1.4826,382,382,383,383,384,385,385,386,387,387,1.00008879751345,1972.10272588938,1902.61414952909,382,2022-01-20
"Reference: Fixed, Report: Day of week",2022-01-20,2021-12-15,35-59,DE,382,FALSE,5,382.5445,382,0.749199839962676,0,382,382,382,382,382,383,383,384,384,384,0.999982399070126,2109.62190779339,2089.04707695808,382,2022-01-20
"Reference: Age, Report: Day of week",2022-01-20,2021-12-15,35-59,DE,382,FALSE,5,382.54,382,0.744094643455528,0,382,382,382,382,382,383,383,384,384,384,0.999541346662355,1887.46596963228,1833.17218496208,382,2022-01-20
"Reference: Age and week, Report: Day of week",2022-01-20,2021-12-15,35-59,DE,382,FALSE,5,382.5615,382,0.755978506143445,0,382,382,382,382,382,383,383,384,384,384,0.999900046604834,1861.44813686196,1830.7863078055,382,2022-01-20
"Reference: Age and week by age, Report: Day of week",2022-01-20,2021-12-15,35-59,DE,382,FALSE,5,382.2695,382,8.58001620563997,0,382,382,382,382,382,383,383,383,384,384,0.999593699113634,2036.49752508382,1974.79799424625,382,2022-01-20
"Independent by age, Reference: Week, Report: Day of week",2022-01-20,2021-12-15,35-59,DE,382,FALSE,1,382.119,382,0.353413993392116,0,382,382,382,382,382,382,382,383,383,383,1.00163087118587,2166.54935239402,2037.64271828736,382,2022-01-20
"Independent by age, Reference: Week and day of week, Report: Day of week",2022-01-20,2021-12-15,35-59,DE,382,FALSE,1,382.141,382,0.378405332015352,0,382,382,382,382,382,382,382,383,383,383,0.999512461698806,1881.72834440156,1885.82093082127,382,2022-01-20
"Reference: Fixed, Report: Fixed",2022-01-20,2021-12-16,35-59,DE,332,FALSE,5,334.668,334,1.80538242565154,1.4826,332,332,333,333,334,336,336,337,338,339,1.00022312140358,1718.28938166094,1776.75934720373,333,2022-01-20
"Reference: Fixed, Report: Day of week",2022-01-20,2021-12-16,35-59,DE,332,FALSE,5,332.8665,333,0.93654487781103,1.4826,332,332,332,332,333,333,334,334,335,335,0.999363852951855,1948.88015387338,1723.87876046545,332,2022-01-20
"Reference: Age, Report: Day of week",2022-01-20,2021-12-16,35-59,DE,332,FALSE,5,332.8435,333,0.960973196682598,1.4826,332,332,332,332,333,333,334,334,335,335,1.00050267921471,1987.97994489129,1704.62047982683,332,2022-01-20
"Reference: Age and week, Report: Day of week",2022-01-20,2021-12-16,35-59,DE,332,FALSE,5,332.8465,333,0.942540153505666,1.4826,332,332,332,332,333,333,334,334,335,335,0.999442424699211,1843.30922456976,1887.49099898052,332,2022-01-20
"Reference: Age and week by age, Report: Day of week",2022-01-20,2021-12-16,35-59,DE,332,FALSE,5,332.5765,333,7.49160929673508,1.4826,332,332,332,332,333,333,333,334,334,335,1.00237335479526,1833.04544099047,1825.68702438914,332,2022-01-20
"Independent by age, Reference: Week, Report: Day of week",2022-01-20,2021-12-16,35-59,DE,332,FALSE,1,332.23,332,0.490122545956649,0,332,332,332,332,332,332,333,333,333,334,1.00032469754772,1841.17843524136,1889.07127076229,332,2022-01-20
"Independent by age, Reference: Week and day of week, Report: Day of week",2022-01-20,2021-12-16,35-59,DE,332,FALSE,1,332.235,332,0.47737715118367,0,332,332,332,332,332,332,333,333,333,333,1.00018289614521,1929.70082453242,1874.18430796487,332,2022-01-20
"Reference: Fixed, Report: Fixed",2022-01-20,2021-12-17,35-59,DE,287,FALSE,5,289.805,290,1.83947460798368,1.4826,287,287,288,288,290,291,291,292,293,294,0.999514771838642,1929.80148436462,1921.7951342453,288,2022-01-20
"Reference: Fixed, Report: Day of week",2022-01-20,2021-12-17,35-59,DE,287,FALSE,5,288.044,288,1.0457584833042,1.4826,287,287,287,287,288,289,289,289,290,291,0.999386164461939,2083.72245316582,2044.29726620212,287,2022-01-20
"Reference: Age, Report: Day of week",2022-01-20,2021-12-17,35-59,DE,287,FALSE,5,287.9575,288,0.977328673306904,1.4826,287,287,287,287,288,288,289,289,290,290,1.00181543916994,1943.89888180648,1881.04707003161,287,2022-01-20
"Reference: Age and week, Report: Day of week",2022-01-20,2021-12-17,35-59,DE,287,FALSE,5,287.953,288,0.998643902911549,1.4826,287,287,287,287,288,288,289,289,290,290,1.00198254493119,2040.39587805527,1960.93330823944,287,2022-01-20
"Reference: Age and week by age, Report: Day of week",2022-01-20,2021-12-17,35-59,DE,287,FALSE,5,287.71,288,6.50407960635192,1.4826,287,287,287,287,288,288,289,289,290,290,0.999517652206133,2082.55910807352,2046.84866862751,287,2022-01-20
"Independent by age, Reference: Week, Report: Day of week",2022-01-20,2021-12-17,35-59,DE,287,FALSE,1,287.294,287,0.551104216939922,0,287,287,287,287,287,287.25,288,288,288,289,1.00085218730179,1926.54493863399,1895.17995080999,287,2022-01-20
"Independent by age, Reference: Week and day of week, Report: Day of week",2022-01-20,2021-12-17,35-59,DE,287,FALSE,1,287.316,287,0.579924267536753,0,287,287,287,287,287,288,288,288,288,289,1.00042050552461,1909.52904494887,1885.44713625482,287,2022-01-20
"Reference: Fixed, Report: Fixed",2022-01-20,2021-12-18,35-59,DE,240,FALSE,5,242.9115,243,1.92107079684827,1.4826,240,240,241,242,243,244,244,245,246,247,1.0003687827532,2053.30170613357,1962.06729736176,241,2022-01-20
"Reference: Fixed, Report: Day of week",2022-01-20,2021-12-18,35-59,DE,240,FALSE,5,241.1895,241,1.1230406761022,1.4826,240,240,240,240,241,242,242,243,243,244,0.999856993627038,1875.24141073535,1802.79939354745,240,2022-01-20
"Reference: Age, Report: Day of week",2022-01-20,2021-12-18,35-59,DE,240,FALSE,5,241.135,241,1.09058226871815,1.4826,240,240,240,240,241,242,242,243,243,244,1.000955867651,2156.01209093336,1953.24524644927,240,2022-01-20
"Reference: Age and week, Report: Day of week",2022-01-20,2021-12-18,35-59,DE,240,FALSE,5,241.0995,241,1.06450285728437,1.4826,240,240,240,240,241,242,242,243,243,244,0.999762369771958,2022.77819357344,1804.08025088601,240,2022-01-20
"Reference: Age and week by age, Report: Day of week",2022-01-20,2021-12-18,35-59,DE,240,FALSE,5,240.934,241,5.49306206641002,1.4826,240,240,240,240,241,242,242,242,243,244,0.999415505013991,1997.78655563369,1934.33086491065,240,2022-01-20
"Independent by age, Reference: Week, Report: Day of week",2022-01-20,2021-12-18,35-59,DE,240,FALSE,1,240.4025,240,0.652461955443879,0,240,240,240,240,240,241,241,241,242,242,0.999495173245133,1947.7176029177,1955.54687624434,240,2022-01-20
"Independent by age, Reference: Week and day of week, Report: Day of week",2022-01-20,2021-12-18,35-59,DE,240,FALSE,1,240.3735,240,0.609248177404607,0,240,240,240,240,240,241,241,241,242,242,1.00220417474345,1807.91238402665,1876.49159621111,240,2022-01-20
"Reference: Fixed, Report: Fixed",2022-01-20,2021-12-19,35-59,DE,191,FALSE,5,193.9395,194,1.91694472756631,1.4826,191,191,192,193,194,195,195,197,197,198,0.999553243724503,1946.73369084818,1861.63200207747,192,2022-01-20
"Reference: Fixed, Report: Day of week",2022-01-20,2021-12-19,35-59,DE,191,FALSE,5,192.4565,192,1.22795019477193,1.4826,191,191,191,192,192,193,193,194,195,195,1.00134074641269,2107.06512137282,2077.48114549807,191,2022-01-20
"Reference: Age, Report: Day of week",2022-01-20,2021-12-19,35-59,DE,191,FALSE,5,192.303,192,1.14623205502288,1.4826,191,191,191,191,192,193,193,194,194,195,1.00096059349234,2021.38564396439,1986.64147382811,191,2022-01-20
"Reference: Age and week, Report: Day of week",2022-01-20,2021-12-19,35-59,DE,191,FALSE,5,192.2725,192,1.1112430789842,1.4826,191,191,191,191,192,193,193,194,194,195,0.999278392916226,1993.5056541121,2003.01615022879,191,2022-01-20
"Reference: Age and week by age, Report: Day of week",2022-01-20,2021-12-19,35-59,DE,191,FALSE,5,192.2675,192,4.46541304997124,1.4826,191,191,191,191,192,193,193,194,195,195,1.00721113870265,1478.9439325333,1624.48331542235,191,2022-01-20
"Independent by age, Reference: Week, Report: Day of week",2022-01-20,2021-12-19,35-59,DE,191,FALSE,1,191.4965,191,0.733659920153214,0,191,191,191,191,191,192,192,192,193,193,1.00054945677404,1982.05319003838,1856.84818244073,191,2022-01-20
"Independent by age, Reference: Week and day of week, Report: Day of week",2022-01-20,2021-12-19,35-59,DE,191,FALSE,1,191.4835,191,0.721101756946921,0,191,191,191,191,191,192,192,192,193,193,1.00023089032688,1801.15399925921,1842.44435008202,191,2022-01-20
"Reference: Fixed, Report: Fixed",2022-01-20,2021-12-20,35-59,DE,103,FALSE,5,105.3005,105,1.59889899274297,1.4826,103,103,104,104,105,106,107,107,108,109,1.00056474305856,1866.38539568934,1826.74973297532,103,2022-01-20
"Reference: Fixed, Report: Day of week",2022-01-20,2021-12-20,35-59,DE,103,FALSE,5,103.949,104,0.984826858879766,1.4826,103,103,103,103,104,104,105,105,106,106,1.0002206296197,1896.31064016122,1799.89867829473,103,2022-01-20
"Reference: Age, Report: Day of week",2022-01-20,2021-12-20,35-59,DE,103,FALSE,5,103.864,104,0.980808336269757,1.4826,103,103,103,103,104,104,105,105,106,106,1.00374351542419,2084.69300286993,1983.88222326752,103,2022-01-20
"Reference: Age and week, Report: Day of week",2022-01-20,2021-12-20,35-59,DE,103,FALSE,5,103.8435,104,0.937788608235816,1.4826,103,103,103,103,104,104,105,105,106,106,0.999923003076583,2063.51031780874,2073.47737234121,103,2022-01-20
"Reference: Age and week by age, Report: Day of week",2022-01-20,2021-12-20,35-59,DE,103,FALSE,5,103.824,104,2.50822040195681,1.4826,103,103,103,103,104,104,105,105,106,106,1.00031571475244,2102.76544175555,1676.71541808102,103,2022-01-20
"Independent by age, Reference: Week, Report: Day of week",2022-01-20,2021-12-20,35-59,DE,103,FALSE,1,103.4025,103,0.650926726138511,0,103,103,103,103,103,104,104,104,105,105,0.999711844718505,1854.01687075886,1845.6388950593,103,2022-01-20
"Independent by age, Reference: Week and day of week, Report: Day of week",2022-01-20,2021-12-20,35-59,DE,103,FALSE,1,103.365,103,0.604117106809077,0,103,103,103,103,103,104,104,104,105,105,1.00094868295965,1798.07383450211,1927.87748068128,103,2022-01-20
"Reference: Fixed, Report: Fixed",2022-01-20,2021-12-21,35-59,DE,213,FALSE,5,217.734,217,2.52773390992005,2.9652,214,214,216,216,217,219,220,221,223,224,1.0005955463579,2148.23669594428,2112.70630938215,215,2022-01-20
"Reference: Fixed, Report: Day of week",2022-01-20,2021-12-21,35-59,DE,213,FALSE,5,215.005,215,1.40924376315526,1.4826,213,213,214,214,215,216,216,217,217,218,0.999649807330344,1765.34540042951,1701.93554784006,213,2022-01-20
"Reference: Age, Report: Day of week",2022-01-20,2021-12-21,35-59,DE,213,FALSE,5,214.8545,215,1.39724940613746,1.4826,213,213,214,214,215,216,216,217,217,218,0.999243751723487,2083.90101678006,1946.97014620979,213,2022-01-20
"Reference: Age and week, Report: Day of week",2022-01-20,2021-12-21,35-59,DE,213,FALSE,5,214.9055,215,1.41087385421811,1.4826,213,213,214,214,215,216,216,217,217,218,0.999948980398721,2192.32612897313,1951.9660962,213,2022-01-20
"Reference: Age and week by age, Report: Day of week",2022-01-20,2021-12-21,35-59,DE,213,FALSE,5,214.889,215,5.01370597700064,1.4826,213,213,214,214,215,216,216,217,218,218,1.00017629757384,1817.42408183519,1785.55947332805,213,2022-01-20
"Independent by age, Reference: Week, Report: Day of week",2022-01-20,2021-12-21,35-59,DE,213,FALSE,1,213.9005,214,0.989489411083981,1.4826,213,213,213,213,214,214,215,215,216,216,1.00059041342956,1841.72564536828,1791.22813664577,213,2022-01-20
"Independent by age, Reference: Week and day of week, Report: Day of week",2022-01-20,2021-12-21,35-59,DE,213,FALSE,1,213.9365,214,0.978747527895566,1.4826,213,213,213,213,214,214,215,215,216,216,1.00086076387388,1851.70277911464,1728.44564435943,213,2022-01-20
"Reference: Fixed, Report: Fixed",2022-01-20,2021-12-22,35-59,DE,330,FALSE,5,338.178,338,3.412643999824,2.9652,333,333,335,336,338,340,341,343,344,346,0.999831349297377,2023.07311584974,2135.21402346869,334,2022-01-20
"Reference: Fixed, Report: Day of week",2022-01-20,2021-12-22,35-59,DE,330,FALSE,5,334.168,334,2.13003392514324,1.4826,331,331,332,333,334,336,336,337,338,339,1.00007844816581,2041.39190223309,1875.85920961253,332,2022-01-20
"Reference: Age, Report: Day of week",2022-01-20,2021-12-22,35-59,DE,330,FALSE,5,333.8135,334,2.07312968319439,1.4826,331,331,332,332,334,335,336,337,337,338,1.00169171118121,2006.95649324613,1937.5303229457,331,2022-01-20
"Reference: Age and week, Report: Day of week",2022-01-20,2021-12-22,35-59,DE,330,FALSE,5,333.752,334,2.02818953167306,1.4826,330,331,332,332,334,335,335,336,337,338,1.00032476238976,2019.94725212509,2001.44236570089,331,2022-01-20
"Reference: Age and week by age, Report: Day of week",2022-01-20,2021-12-22,35-59,DE,330,FALSE,5,333.8965,334,7.75563425396922,1.4826,331,331,332,333,334,335,336,337,338,338,1.00146996432319,1689.004219309,1914.05664416677,331,2022-01-20
"Independent by age, Reference: Week, Report: Day of week",2022-01-20,2021-12-22,35-59,DE,330,FALSE,1,331.965,332,1.49595920631997,1.4826,330,330,331,331,332,333,333,334,335,335,1.0013846504285,2028.34961087096,2004.69979747659,330,2022-01-20
"Independent by age, Reference: Week and day of week, Report: Day of week",2022-01-20,2021-12-22,35-59,DE,330,FALSE,1,332.1355,332,1.55671173494416,1.4826,330,330,331,331,332,333,333,334,335,336,0.999529114840002,1586.71062826622,1762.8490093474,330,2022-01-20
"Reference: Fixed, Report: Fixed",2022-01-20,2021-12-23,35-59,DE,258,FALSE,5,265.2055,265,3.07766238448541,2.9652,260,261,263,263,265,267,268,269,271,272,1.00037599022343,2125.28111373617,1930.52303706618,262,2022-01-20
"Reference: Fixed, Report: Day of week",2022-01-20,2021-12-23,35-59,DE,258,FALSE,5,261.92,262,2.05857204377931,1.4826,258,259,260,260,262,263,264,265,266,266,1.00368373397811,2155.32038082655,1909.21642219338,259,2022-01-20
"Reference: Age, Report: Day of week",2022-01-20,2021-12-23,35-59,DE,258,FALSE,5,261.5255,261,1.94659815375082,1.4826,258,259,260,260,261,263,263,264,265,266,1.00064088630377,2014.85424945668,1821.14171777233,259,2022-01-20
"Reference: Age and week, Report: Day of week",2022-01-20,2021-12-23,35-59,DE,258,FALSE,5,261.4765,261,1.94379446404686,1.4826,258,259,260,260,261,263,263,264,265,266,1.00084638207839,2010.30738203581,1966.32476317935,259,2022-01-20
"Reference: Age and week by age, Report: Day of week",2022-01-20,2021-12-23,35-59,DE,258,FALSE,5,261.187,261,6.13138058792284,1.4826,258,259,260,260,261,262,263,264,265,265,1.00673264011408,1893.28314252131,1839.54634491977,259,2022-01-20
"Independent by age, Reference: Week, Report: Day of week",2022-01-20,2021-12-23,35-59,DE,258,FALSE,1,260.0165,260,1.46843655053648,1.4826,258,258,259,259,260,261,261,262,263,263,0.99951899613792,1929.31242808209,1693.14223835013,258,2022-01-20
"Independent by age, Reference: Week and day of week, Report: Day of week",2022-01-20,2021-12-23,35-59,DE,258,FALSE,1,259.954,260,1.49398795175865,1.4826,258,258,259,259,260,261,261,262,263,263,0.99988868031345,1994.14862782075,1783.08617559929,258,2022-01-20
"Reference: Fixed, Report: Fixed",2022-01-20,2021-12-24,35-59,DE,224,FALSE,5,231.6245,231,3.10133985632859,2.9652,226,227,229,229,231,234,234,236,237,238,0.99953824864844,1997.29792357008,1772.95379987386,228,2022-01-20
"Reference: Fixed, Report: Day of week",2022-01-20,2021-12-24,35-59,DE,224,FALSE,5,228.534,228,2.23994479314517,1.4826,225,225,227,227,228,230,230,232,233,233,0.999340289462615,2084.9281404243,2022.73180866468,226,2022-01-20
"Reference: Age, Report: Day of week",2022-01-20,2021-12-24,35-59,DE,224,FALSE,5,228.005,228,2.06521368235272,1.4826,225,225,226,227,228,229,230,231,232,233,0.999748458718322,2308.00413611701,1961.94769333075,226,2022-01-20
"Reference: Age and week, Report: Day of week",2022-01-20,2021-12-24,35-59,DE,224,FALSE,5,228.0575,228,2.1003331758854,1.4826,225,225,226,227,228,229,230,231,232,233,1.00015079820571,2012.55005400669,1674.87832821528,226,2022-01-20
"Reference: Age and week by age, Report: Day of week",2022-01-20,2021-12-24,35-59,DE,224,FALSE,5,227.987,228,5.528029536397,1.4826,225,225,226,227,228,229,230,231,232,233,1.00403539016357,1954.36815552256,1961.27959026033,226,2022-01-20
"Independent by age, Reference: Week, Report: Day of week",2022-01-20,2021-12-24,35-59,DE,224,FALSE,1,226.511,226,1.68175299808661,1.4826,224,224,225,225,226,228,228,229,229,230,0.999688446840524,1947.40342320875,1777.893452956,225,2022-01-20
"Independent by age, Reference: Week and day of week, Report: Day of week",2022-01-20,2021-12-24,35-59,DE,224,FALSE,1,226.536,226,1.65893943229402,1.4826,224,224,225,225,226,228,228,229,230,230,0.999690749396436,1619.57312042543,1885.13378632523,225,2022-01-20
"Reference: Fixed, Report: Fixed",2022-01-20,2021-12-25,35-59,DE,124,FALSE,5,128.7585,128,2.48359857483863,2.9652,125,125,127,127,128,130,131,132,133,134,0.999921887141032,2057.27968302369,1872.60855660115,126,2022-01-20
"Reference: Fixed, Report: Day of week",2022-01-20,2021-12-25,35-59,DE,124,FALSE,5,127.071,127,1.81289886677403,1.4826,124,124,125,126,127,128,129,130,130,131,0.99945421000557,1752.14254220575,1922.18498841298,125,2022-01-20
"Reference: Age, Report: Day of week",2022-01-20,2021-12-25,35-59,DE,124,FALSE,5,126.736,127,1.69225762457552,1.4826,124,124,125,126,127,128,128,129,130,131,0.999688027847937,2000.70355369703,1951.88329276696,125,2022-01-20
"Reference: Age and week, Report: Day of week",2022-01-20,2021-12-25,35-59,DE,124,FALSE,5,126.766,127,1.71455937690372,1.4826,124,124,125,126,127,128,128,129,130,131,1.00083535395086,1993.70408509411,1787.34598269358,125,2022-01-20
"Reference: Age and week by age, Report: Day of week",2022-01-20,2021-12-25,35-59,DE,124,FALSE,5,126.421,126,3.27339526459594,1.4826,124,124,125,125,126,127,128,129,130,130,1.00320886304417,1943.74599875794,2013.86116246163,125,2022-01-20
"Independent by age, Reference: Week, Report: Day of week",2022-01-20,2021-12-25,35-59,DE,124,FALSE,1,125.82,126,1.43095206485261,1.4826,124,124,125,125,126,127,127,128,128,129,1.00039066445479,1771.56695799861,1954.34867511299,124,2022-01-20
"Independent by age, Reference: Week and day of week, Report: Day of week",2022-01-20,2021-12-25,35-59,DE,124,FALSE,1,125.829,126,1.42364756389814,1.4826,124,124,125,125,126,127,127,128,128,129,0.99940494121945,1931.0890452296,1886.22533661665,124,2022-01-20
"Reference: Fixed, Report: Fixed",2022-01-20,2021-12-26,35-59,DE,75,FALSE,5,78.3855,78,2.02037885441263,1.4826,75,76,77,77,78,80,80,81,82,83,0.999649957286171,2149.95070018075,1967.04199377074,76,2022-01-20
"Reference: Fixed, Report: Day of week",2022-01-20,2021-12-26,35-59,DE,75,FALSE,5,77.0245,77,1.47681760726319,1.4826,75,75,76,76,77,78,78,79,80,80,1.00072415754603,1994.42027752378,1848.99790264451,75,2022-01-20
"Reference: Age, Report: Day of week",2022-01-20,2021-12-26,35-59,DE,75,FALSE,5,76.844,77,1.39629467499153,1.4826,75,75,76,76,77,78,78,79,79,80,0.999723727977457,2097.40540173027,1990.21908829351,75,2022-01-20
"Reference: Age and week, Report: Day of week",2022-01-20,2021-12-26,35-59,DE,75,FALSE,5,76.8035,77,1.39601654040722,1.4826,75,75,76,76,77,78,78,79,79,80,1.00098855020464,1992.38005083002,1855.04906585121,75,2022-01-20
"Reference: Age and week by age, Report: Day of week",2022-01-20,2021-12-26,35-59,DE,75,FALSE,5,76.819,77,2.20469257146373,1.4826,75,75,76,76,77,78,78,79,79,80,1.00370480908542,1808.77067272854,1899.3308267295,75,2022-01-20
"Independent by age, Reference: Week, Report: Day of week",2022-01-20,2021-12-26,35-59,DE,75,FALSE,1,76.2935,76,1.17900499421682,1.4826,75,75,75,75,76,77,77,78,78.05,79,1.00052039008077,1939.65770480348,1921.42475818117,75,2022-01-20
"Independent by age, Reference: Week and day of week, Report: Day of week",2022-01-20,2021-12-26,35-59,DE,75,FALSE,1,76.172,76,1.09545242160671,1.4826,75,75,75,75,76,77,77,78,78,79,1.00228612078886,2022.63327002332,1741.71140165546,75,2022-01-20
"Reference: Fixed, Report: Fixed",2022-01-20,2021-12-27,35-59,DE,74,FALSE,5,77.7225,77,2.12644177614005,1.4826,74,75,76,76,77,79,79,81,82,83,1.00052982943516,1859.52729967515,1986.26979422515,75,2022-01-20
"Reference: Fixed, Report: Day of week",2022-01-20,2021-12-27,35-59,DE,74,FALSE,5,76.226,76,1.50733540727172,1.4826,74,74,75,75,76,77,77,78,79,80,0.999605697165186,1838.76964712979,1915.94225897092,74,2022-01-20
"Reference: Age, Report: Day of week",2022-01-20,2021-12-27,35-59,DE,74,FALSE,5,75.9115,76,1.43062612011237,1.4826,74,74,75,75,76,77,77,78,79,79,1.00019663807653,2198.81958791544,2071.56849990668,74,2022-01-20
"Reference: Age and week, Report: Day of week",2022-01-20,2021-12-27,35-59,DE,74,FALSE,5,75.9335,76,1.46292440813323,1.4826,74,74,75,75,76,77,77,78,79,79,0.999824076730911,2067.0006387375,1817.70534920189,74,2022-01-20
"Reference: Age and week by age, Report: Day of week",2022-01-20,2021-12-27,35-59,DE,74,FALSE,5,76.033,76,2.25087632314862,1.4826,74,74,75,75,76,77,77,78,79,79,1.01193740800162,1594.81316427788,1720.29361349,74,2022-01-20
"Independent by age, Reference: Week, Report: Day of week",2022-01-20,2021-12-27,35-59,DE,74,FALSE,1,75.4635,75,1.22899266128026,1.4826,74,74,74,75,75,76,76,77,78,78,0.999873335573093,1962.1907804469,1889.5997677467,74,2022-01-20
"Independent by age, Reference: Week and day of week, Report: Day of week",2022-01-20,2021-12-27,35-59,DE,74,FALSE,1,75.323,75,1.18083368180792,1.4826,74,74,74,74,75,76,76,77,78,78,1.00044805967537,2002.22984470251,1898.6544918552,74,2022-01-20
"Reference: Fixed, Report: Fixed",2022-01-20,2021-12-28,35-59,DE,215,FALSE,5,224.0775,224,3.50651416235346,2.9652,218,219,221,222,224,226,227,229,231,232.025,1.00095709526077,1931.85907564645,1879.47632121238,220,2022-01-20
"Reference: Fixed, Report: Day of week",2022-01-20,2021-12-28,35-59,DE,215,FALSE,5,220.547,220,2.46024742835032,2.9652,216,217,218,219,220,222,223,224,225,226,1.00051009167584,1780.06374134499,1971.58286020044,218,2022-01-20
"Reference: Age, Report: Day of week",2022-01-20,2021-12-28,35-59,DE,215,FALSE,5,220.2345,220,2.42517019510747,1.4826,216,217,218,219,220,222,222,223,225,226,1.00032141209484,2027.1351416876,2042.03713279273,217,2022-01-20
"Reference: Age and week, Report: Day of week",2022-01-20,2021-12-28,35-59,DE,215,FALSE,5,220.154,220,2.39460875207992,2.9652,216,217,218,218,220,222,222,223,224,225,1.0001895038205,2108.54840943634,1993.39900661307,217,2022-01-20
"Reference: Age and week by age, Report: Day of week",2022-01-20,2021-12-28,35-59,DE,215,FALSE,5,220.3215,220,5.46727384458158,2.9652,216,217,218,219,220,222,222,224,225,225,1.00533087447944,1365.41698781984,1830.14578370342,218,2022-01-20
"Independent by age, Reference: Week, Report: Day of week",2022-01-20,2021-12-28,35-59,DE,215,FALSE,1,218.815,219,2.14127708010124,1.4826,215,216,217,217,219,220,221,222,223,224,1.0017073157766,1802.35550603585,1988.03556402587,216,2022-01-20
"Independent by age, Reference: Week and day of week, Report: Day of week",2022-01-20,2021-12-28,35-59,DE,215,FALSE,1,218.8525,219,2.08708450017133,1.4826,215,216,217,217,219,220,221,222,223,223,1.00044484542378,1938.33622653557,1954.15913155795,216,2022-01-20
"Reference: Fixed, Report: Fixed",2022-01-20,2021-12-29,35-59,DE,303,FALSE,5,319.986,320,5.39401072262912,5.9304,311,312,315,316,320,323,324,327,330,332,1.00088824184225,2304.69613014769,2003.1494394287,313,2022-01-20
"Reference: Fixed, Report: Day of week",2022-01-20,2021-12-29,35-59,DE,303,FALSE,5,313.797,314,3.5739582522456,4.4478,308,308,311,311,314,316,317,319,320,321,1.00076735701387,1800.41701037873,1810.84046567571,309,2022-01-20
"Reference: Age, Report: Day of week",2022-01-20,2021-12-29,35-59,DE,303,FALSE,5,313.2535,313,3.46037929459058,2.9652,307,308,310,311,313,315,316,318,319,321,0.999538757411658,2110.65761155138,1975.59117239094,309,2022-01-20
"Reference: Age and week, Report: Day of week",2022-01-20,2021-12-29,35-59,DE,303,FALSE,5,313.0645,313,3.44314788873377,2.9652,307,308,310,311,313,315,316,318,319,320,1.00051472548664,1899.32673553359,1995.44686271757,309,2022-01-20
"Reference: Age and week by age, Report: Day of week",2022-01-20,2021-12-29,35-59,DE,303,FALSE,5,312.9825,313,7.78424633445639,2.9652,307,308,310,311,313,315,316,317,319,321,0.999736922516665,1911.99376734231,1723.57996636651,309,2022-01-20
"Independent by age, Reference: Week, Report: Day of week",2022-01-20,2021-12-29,35-59,DE,303,FALSE,1,310.7135,310,3.148551164777,2.9652,305,306,308,308,310,313,313,315,316,318,1.00055330893395,1857.07704130173,1736.64964191102,307,2022-01-20
"Independent by age, Reference: Week and day of week, Report: Day of week",2022-01-20,2021-12-29,35-59,DE,303,FALSE,1,311.2105,311,3.23425725012405,2.9652,306,307,308,309,311,313,314,315,317,318,1.00099855639123,1457.36690187156,1703.68037346933,307,2022-01-20
"Reference: Fixed, Report: Fixed",2022-01-20,2021-12-30,35-59,DE,252,FALSE,5,268.654,268,5.27135443589163,5.9304,260,261,264,265,268,272,273,276,278,280,1.00083189034608,1833.63868796252,1819.37358751194,262,2022-01-20
"Reference: Fixed, Report: Day of week",2022-01-20,2021-12-30,35-59,DE,252,FALSE,5,263.02,263,3.57071071181827,2.9652,257,257,260,261,263,265,266,268,269,271,0.999414279566592,2157.18471490431,1943.50550417323,259,2022-01-20
"Reference: Age, Report: Day of week",2022-01-20,2021-12-30,35-59,DE,252,FALSE,5,262.424,262,3.63989676010352,2.9652,256,257,259,260,262,265,265,267,269,270,1.0003823659192,1829.20780735487,1946.72156106134,258,2022-01-20
"Reference: Age and week, Report: Day of week",2022-01-20,2021-12-30,35-59,DE,252,FALSE,5,262.271,262,3.46533739795144,2.9652,256,257,259,260,262,265,265,267,268,270,1.00034608829775,1933.95324603066,2035.03939423968,258,2022-01-20
"Reference: Age and week by age, Report: Day of week",2022-01-20,2021-12-30,35-59,DE,252,FALSE,5,261.45,261,6.76892969416896,2.9652,256,257,259,259,261,264,264,266,268,269,1.01805811352826,674.724467610372,1735.03495096274,257.9,2022-01-20
"Independent by age, Reference: Week, Report: Day of week",2022-01-20,2021-12-30,35-59,DE,252,FALSE,1,260.154,260,3.29631868277769,2.9652,255,255,257,258,260,262,263,264,266,267,0.999227322854596,1763.36526599687,1714.02926840979,256,2022-01-20
"Independent by age, Reference: Week and day of week, Report: Day of week",2022-01-20,2021-12-30,35-59,DE,252,FALSE,1,260.0225,260,3.3062757718829,2.9652,254,255,257,258,260,262,263,264,266,267,1.00087446385656,2003.47468949037,1979.09208369148,256,2022-01-20
"Reference: Fixed, Report: Fixed",2022-01-20,2021-12-31,35-59,DE,227,FALSE,5,243.8075,243,5.28558534660336,4.4478,235,236,239,240,243,247,248,251,253,255,1.00046835830734,2279.86520278324,1976.64395626392,237,2022-01-20
"Reference: Fixed, Report: Day of week",2022-01-20,2021-12-31,35-59,DE,227,FALSE,5,238.835,239,3.73145238056634,4.4478,232,233,236,236,239,241,242,244,245,247,1.00051105962987,1902.50461864784,1969.90623039638,234,2022-01-20
"Reference: Age, Report: Day of week",2022-01-20,2021-12-31,35-59,DE,227,FALSE,5,238.0735,238,3.66002672774721,2.9652,231,233,235,235,238,240,241,243,244,246,0.999970790618562,1779.87612225484,1927.94309748581,233,2022-01-20
"Reference: Age and week, Report: Day of week",2022-01-20,2021-12-31,35-59,DE,227,FALSE,5,237.8875,238,3.66818368348259,4.4478,232,232,235,235,238,240,241,243,244,246,0.999702345391983,2112.14327201504,1874.63822800845,233,2022-01-20
"Reference: Age and week by age, Report: Day of week",2022-01-20,2021-12-31,35-59,DE,227,FALSE,5,237.225,237,6.27168573997538,2.9652,231,232,235,235,237,239,240,242,243,245,1.00276837026251,1850.17694819603,1827.89005662213,233,2022-01-20
"Independent by age, Reference: Week, Report: Day of week",2022-01-20,2021-12-31,35-59,DE,227,FALSE,1,235.573,235,3.38930888343829,2.9652,230,231,233,233,235,238,238,240,241,243,0.99991108895301,2158.69578796198,1859.48667193073,232,2022-01-20
"Independent by age, Reference: Week and day of week, Report: Day of week",2022-01-20,2021-12-31,35-59,DE,227,FALSE,1,235.913,236,3.52954102255732,2.9652,230,231,233,233,236,238,239,240,242,244,0.999582201940226,1993.09164985413,1839.98181526619,232,2022-01-20
"Reference: Fixed, Report: Fixed",2022-01-20,2022-01-01,35-59,DE,112,FALSE,5,122.4425,122,3.97021095629927,4.4478,116,117,119,120,122,125,126,128,129,131,1.00108239146362,2028.78104199171,1924.05561139114,118,2022-01-20
"Reference: Fixed, Report: Day of week",2022-01-20,2022-01-01,35-59,DE,112,FALSE,5,119.547,119,2.94467766712787,2.9652,114,115,117,117,119,122,122,123,125,126,1.00022069014149,1949.54478371289,1856.04033019553,116,2022-01-20
"Reference: Age, Report: Day of week",2022-01-20,2022-01-01,35-59,DE,112,FALSE,5,119.1195,119,2.78210168665659,2.9652,114,115,117,117,119,121,121,123,124,125,0.999714127197253,2145.90971561652,1891.53754845629,116,2022-01-20
"Reference: Age and week, Report: Day of week",2022-01-20,2022-01-01,35-59,DE,112,FALSE,5,119.119,119,2.89309937817663,2.9652,114,115,117,117,119,121,121,123,124,125,1.00045523532888,1930.27341795357,2016.17573154135,116,2022-01-20
"Reference: Age and week by age, Report: Day of week",2022-01-20,2022-01-01,35-59,DE,112,FALSE,5,118.411,118,3.78222574892191,2.9652,114,114,116,117,118,120,121,122,123,124,1.00287563621815,1976.47233075801,1819.35507035111,115,2022-01-20
"Independent by age, Reference: Week, Report: Day of week",2022-01-20,2022-01-01,35-59,DE,112,FALSE,1,117.832,118,2.66652042287,2.9652,113,114,116,116,118,119,120,121,122,124,1.00073544990783,1930.09499879765,1948.48083499648,115,2022-01-20
"Independent by age, Reference: Week and day of week, Report: Day of week",2022-01-20,2022-01-01,35-59,DE,112,FALSE,1,117.7615,117.5,2.5999995670912,2.2239,113,114,116,116,117.5,119,120,121,122,124,0.999455386780811,2022.85200050683,1922.0306656115,115,2022-01-20
"Reference: Fixed, Report: Fixed",2022-01-20,2022-01-02,35-59,DE,85,FALSE,5,92.386,92,3.18151929626653,2.9652,87,88,90,90,92,94,95,97,98,99,0.999875203100932,2005.82408078699,1864.17975209707,89,2022-01-20
"Reference: Fixed, Report: Day of week",2022-01-20,2022-01-02,35-59,DE,85,FALSE,5,90.5575,90,2.49936335065138,2.9652,86,87,88,89,90,92,93,94,95,96,1.00002118393094,1936.97416954913,1894.78231451665,88,2022-01-20
"Reference: Age, Report: Day of week",2022-01-20,2022-01-02,35-59,DE,85,FALSE,5,90.382,90,2.53875927360683,2.9652,86,87,88,89,90,92,92,94,95,96,0.999901928050605,2094.9552255998,1705.19918334631,87,2022-01-20
"Reference: Age and week, Report: Day of week",2022-01-20,2022-01-02,35-59,DE,85,FALSE,5,90.2855,90,2.42506293013347,2.9652,86,87,88,89,90,92,92,94,94,95,1.00052316188995,2065.05025187366,1922.25473452143,87,2022-01-20
"Reference: Age and week by age, Report: Day of week",2022-01-20,2022-01-02,35-59,DE,85,FALSE,5,89.701,90,3.08729083216032,2.9652,86,86,88,88,90,91,92,93,94,95,1.00172900839665,1612.62487304027,1877.55241997076,87,2022-01-20
"Independent by age, Reference: Week, Report: Day of week",2022-01-20,2022-01-02,35-59,DE,85,FALSE,1,89.7725,90,2.39804484101732,2.9652,86,86,88,88,90,91,92,93,94,95,1.00097895605978,1921.00007890796,1911.473223274,87,2022-01-20
"Independent by age, Reference: Week and day of week, Report: Day of week",2022-01-20,2022-01-02,35-59,DE,85,FALSE,1,89.173,89,2.19419193306319,1.4826,86,86,87,88,89,90,91,92,93,94,0.999543251001501,1930.11999373148,1902.539887484,87,2022-01-20
"Reference: Fixed, Report: Fixed",2022-01-20,2022-01-03,35-59,DE,72,FALSE,5,78.8275,79,2.9955350715995,2.9652,74,74,76,77,79,81,81,83,84,86,1.00003593541868,2139.17820045732,1888.90309933864,75,2022-01-20
"Reference: Fixed, Report: Day of week",2022-01-20,2022-01-03,35-59,DE,72,FALSE,5,76.7915,77,2.3228701239644,2.9652,73,73,75,75,77,78,79,80,81,82,1.00047433170439,1834.35601183916,1942.42970514836,74,2022-01-20
"Reference: Age, Report: Day of week",2022-01-20,2022-01-03,35-59,DE,72,FALSE,5,76.5975,76,2.24410600370792,1.4826,73,73,75,75,76,78,78,80,81,81,0.99983668389994,2100.95653793709,1981.24193006665,74,2022-01-20
"Reference: Age and week, Report: Day of week",2022-01-20,2022-01-03,35-59,DE,72,FALSE,5,76.7585,77,2.33942604223847,2.9652,73,73,75,75,77,78,79,80,81,82,0.999494348671059,1895.40146724121,1821.55709232871,74,2022-01-20
"Reference: Age and week by age, Report: Day of week",2022-01-20,2022-01-03,35-59,DE,72,FALSE,5,76.9275,77,2.90042237872133,2.9652,73,74,75,75,77,78,79,80,81,82,1.03505542310571,53.3900455617418,335.592451912774,74,2022-01-20
"Independent by age, Reference: Week, Report: Day of week",2022-01-20,2022-01-03,35-59,DE,72,FALSE,1,76.1405,76,2.25617040634151,1.4826,73,73,74,74,76,77,78,79,80,81,1.00098733079853,2078.22799368738,1905.36870019274,74,2022-01-20
"Independent by age, Reference: Week and day of week, Report: Day of week",2022-01-20,2022-01-03,35-59,DE,72,FALSE,1,75.686,75,2.0348155290145,1.4826,72,73,74,74,75,77,77,78,79,80,1.00030298630554,2051.29139998172,1898.79183859355,73,2022-01-20
"Reference: Fixed, Report: Fixed",2022-01-20,2022-01-04,35-59,DE,205,FALSE,5,223.4845,223,5.64160204080307,5.9304,214,215,219,220,223,227,228,231,233,236,1.00060723465871,2399.1033833336,2049.58653526651,217,2022-01-20
"Reference: Fixed, Report: Day of week",2022-01-20,2022-01-04,35-59,DE,205,FALSE,5,217.402,217,3.85458492090345,4.4478,211,211,214,215,217,220,220,222,224,225.025,1.00027943952548,2092.52263293003,1956.45422352722,213,2022-01-20
"Reference: Age, Report: Day of week",2022-01-20,2022-01-04,35-59,DE,205,FALSE,5,217.1505,217,3.90377631079732,4.4478,210,211,214,215,217,220,220,222,224,225,1.00060408846572,2023.79496330156,1859.61771441214,212,2022-01-20
"Reference: Age and week, Report: Day of week",2022-01-20,2022-01-04,35-59,DE,205,FALSE,5,217.259,217,3.92015341554393,4.4478,210,212,214,214,217,220,220,222,224,226,0.999429001450648,1740.4765705272,2108.02870674175,212.9,2022-01-20
"Reference: Age and week by age, Report: Day of week",2022-01-20,2022-01-04,35-59,DE,205,FALSE,5,218.487,218,6.43751130297167,4.4478,211,212,215,216,218,221,222,224,226,227,1.02383742488694,86.1984672475786,1384.98303564864,213,2022-01-20
"Independent by age, Reference: Week, Report: Day of week",2022-01-20,2022-01-04,35-59,DE,205,FALSE,1,215.972,216,3.85611862180259,4.4478,209,210,213,213,216,218,219,221,223,225,1.00075894157172,1895.61149310475,1619.76188706722,211,2022-01-20
"Independent by age, Reference: Week and day of week, Report: Day of week",2022-01-20,2022-01-04,35-59,DE,205,FALSE,1,215.915,216,3.84384736706475,4.4478,209,210,213,213,216,218,219,221,223,224,1.00029662784904,2027.00125567604,1895.621007858,211,2022-01-20
"Reference: Fixed, Report: Fixed",2022-01-20,2022-01-05,35-59,DE,259,FALSE,5,287.324,287,7.78487804420092,7.413,274,276,281,282,287,292,293.2,298,301,304,1.00009187309588,2296.38364540828,1715.34104654074,278,2022-01-20
"Reference: Fixed, Report: Day of week",2022-01-20,2022-01-05,35-59,DE,259,FALSE,5,279.9115,280,5.25113844585046,5.9304,271,272,275,276,280,283,284,287,289,291,1.00262924092255,1964.94939173317,1885.03620711614,274,2022-01-20
"Reference: Age, Report: Day of week",2022-01-20,2022-01-05,35-59,DE,259,FALSE,5,279.2585,279,5.33431393926167,5.9304,270,271,275,275,279,283,284,286,289,291,0.999419095410635,2127.29280621901,2004.34485142855,273,2022-01-20
"Reference: Age and week, Report: Day of week",2022-01-20,2022-01-05,35-59,DE,259,FALSE,5,279.662,279,5.45478077622358,5.9304,270,271,275,276,279,283,284,287,289,291,1.00365023698852,2006.68286166332,1810.05588643069,273,2022-01-20
"Reference: Age and week by age, Report: Day of week",2022-01-20,2022-01-05,35-59,DE,259,FALSE,5,279.9925,280,8.15252571831539,5.9304,271,272,276,276,280,283,284,287,289,291,1.00792496215398,1722.43995707542,1816.68162306074,274,2022-01-20
"Independent by age, Reference: Week, Report: Day of week",2022-01-20,2022-01-05,35-59,DE,259,FALSE,1,277.793,277,5.3331390555744,5.9304,268,270,273,274,277,281,282,285,287,289,1.00068919114062,1849.87447839201,1802.78235394975,271,2022-01-20
"Independent by age, Reference: Week and day of week, Report: Day of week",2022-01-20,2022-01-05,35-59,DE,259,FALSE,1,279.3585,279,5.79618630116553,5.9304,269,270,274,275,279,283,284,287,289,292,1.00009328551061,1671.8063057433,1641.22361315752,272,2022-01-20
"Reference: Fixed, Report: Fixed",2022-01-20,2022-01-06,35-59,DE,192,FALSE,5,214.7525,214,6.76210816265177,7.413,203,205,209,210,214,219,220,224,226,229,1.00089443083552,2248.57661991471,1952.58060143643,206,2022-01-20
"Reference: Fixed, Report: Day of week",2022-01-20,2022-01-06,35-59,DE,192,FALSE,5,208.7745,208,4.65289957846112,4.4478,200,201,205,206,208,212,213,215,217,219,1.00013783375283,2137.36224448785,2061.60174398642,203,2022-01-20
"Reference: Age, Report: Day of week",2022-01-20,2022-01-06,35-59,DE,192,FALSE,5,208.6625,208,4.69495634245184,4.4478,200,202,205,205,208,212,213,215,217,218,1.00018082513277,2179.13871713928,1974.33582468127,203,2022-01-20
"Reference: Age and week, Report: Day of week",2022-01-20,2022-01-06,35-59,DE,192,FALSE,5,208.374,208,4.52707092782881,4.4478,200,201,204.8,205,208,211,212,214,216,218,0.999691866118358,2129.27332799494,1963.83288408087,203,2022-01-20
"Reference: Age and week by age, Report: Day of week",2022-01-20,2022-01-06,35-59,DE,192,FALSE,5,209.5175,209,6.59897469183598,4.4478,201,202,206,207,209,212,213,216,218,220,1.0025938059931,1456.43042457639,1818.21041076538,204,2022-01-20
"Independent by age, Reference: Week, Report: Day of week",2022-01-20,2022-01-06,35-59,DE,192,FALSE,1,207.9765,208,4.83814546864683,4.4478,200,201,204,205,208,211,212,214,216,219,0.999732182374168,2045.75159600264,1969.2983716816,202,2022-01-20
"Independent by age, Reference: Week and day of week, Report: Day of week",2022-01-20,2022-01-06,35-59,DE,192,FALSE,1,207.853,207,4.86551411608341,4.4478,199,200,204,204,207,211,212,214,216,218,1.0006645207331,1632.6082104758,1931.12669257973,202,2022-01-20
"Reference: Fixed, Report: Fixed",2022-01-20,2022-01-07,35-59,DE,149,FALSE,5,172.4875,172,6.92992465167111,7.413,160.975,162,167,168,172,177,178,182,185,187,1.00072953243693,1982.5541184558,1923.19495989823,164,2022-01-20
"Reference: Fixed, Report: Day of week",2022-01-20,2022-01-07,35-59,DE,149,FALSE,5,166.982,167,4.77850322240378,4.4478,158,159,163,164,167,170,171,173,175,177,0.999853760616504,1886.78286888327,1861.71687616277,161,2022-01-20
"Reference: Age, Report: Day of week",2022-01-20,2022-01-07,35-59,DE,149,FALSE,5,166.6885,166,4.83850941268779,4.4478,158,159,162.8,163,166,170,171,173,175,177,1.00082557298497,2184.91447611772,2069.56766846104,161,2022-01-20
"Reference: Age and week, Report: Day of week",2022-01-20,2022-01-07,35-59,DE,149,FALSE,5,166.504,166,4.8056769830725,4.4478,158,159,162,163,166,170,170,173,175,177,1.00015786149051,1901.28842747052,1979.20061997888,161,2022-01-20
"Reference: Age and week by age, Report: Day of week",2022-01-20,2022-01-07,35-59,DE,149,FALSE,5,166.0865,166,5.93478125664983,4.4478,158,159,162,163,166,169,170,172,174,176,1.00337939760706,1860.36676593749,1303.67737137663,161,2022-01-20
"Independent by age, Reference: Week, Report: Day of week",2022-01-20,2022-01-07,35-59,DE,149,FALSE,1,166.0435,166,5.12022617743143,4.4478,157,158,162,162,166,169,170,173,175,177,1.00150745868498,2057.20929039143,1981.91400911383,160,2022-01-20
"Independent by age, Reference: Week and day of week, Report: Day of week",2022-01-20,2022-01-07,35-59,DE,149,FALSE,1,166.743,166,5.42168316338774,5.9304,157,159,162,163,166,170,171,174,176.05,179,0.999505123513254,2060.33862573258,1741.75040160895,160,2022-01-20
"Reference: Fixed, Report: Fixed",2022-01-20,2022-01-08,35-59,DE,159,FALSE,5,183.7585,183,7.36459750415453,7.413,172,173,177,178,183,188,189,193,197,201,1.0008045869425,1891.25721021123,1703.12549712734,175,2022-01-20
"Reference: Fixed, Report: Day of week",2022-01-20,2022-01-08,35-59,DE,159,FALSE,5,181.495,181,5.66515860422332,5.9304,171,173,177,178,181,185,186,189,191,193,0.999897866772275,1537.49203235447,1980.19815711562,174,2022-01-20
"Reference: Age, Report: Day of week",2022-01-20,2022-01-08,35-59,DE,159,FALSE,5,181.0535,181,5.74770874591902,5.9304,171,172,176,177,181,185,186,189,191,193.025,0.99935114778699,2147.6289845652,2008.78639992375,174,2022-01-20
"Reference: Age and week, Report: Day of week",2022-01-20,2022-01-08,35-59,DE,159,FALSE,5,180.9775,180,5.76806978672521,5.9304,171,172,176,177,180,185,186,188,191,193,1.00073795860728,2006.52917988205,2005.63684867574,174,2022-01-20
"Reference: Age and week by age, Report: Day of week",2022-01-20,2022-01-08,35-59,DE,159,FALSE,5,179.6545,180,7.16022095553385,5.9304,169,170,175,176,180,184,185,188,190,192,1.14129409062595,10.5083347605246,74.3104836837096,172,2022-01-20
"Independent by age, Reference: Week, Report: Day of week",2022-01-20,2022-01-08,35-59,DE,159,FALSE,1,178.1615,178,5.92697074744937,5.9304,168,169,173,174,178,182,183,186,189,191.025,1.00033957218849,2122.35871622211,1898.34191812814,171,2022-01-20
"Independent by age, Reference: Week and day of week, Report: Day of week",2022-01-20,2022-01-08,35-59,DE,159,FALSE,1,178.162,178,5.78580104625742,5.9304,168,169,173,174,178,182,183,186,188,191,0.999798830844254,1994.66949703009,2020.58976978634,171,2022-01-20
"Reference: Fixed, Report: Fixed",2022-01-20,2022-01-09,35-59,DE,104,FALSE,5,122.853,122,6.23111582320543,5.9304,112,114,118,118,122,127,128,131,134,137,0.999575551987199,2138.25428813161,2037.41693562851,116,2022-01-20
"Reference: Fixed, Report: Day of week",2022-01-20,2022-01-09,35-59,DE,104,FALSE,5,121.873,122,5.07826401270073,5.9304,113,114,118,118,122,125,126,128,131,133,1.00006173901623,1860.27571569694,1852.28700373403,116,2022-01-20
"Reference: Age, Report: Day of week",2022-01-20,2022-01-09,35-59,DE,104,FALSE,5,121.0895,121,4.90066301626622,4.4478,112,114,117,118,121,124,125,128,129,132,0.99973586467038,2252.51077297767,1954.90955866384,115,2022-01-20
"Reference: Age and week, Report: Day of week",2022-01-20,2022-01-09,35-59,DE,104,FALSE,5,121.2775,121,5.05383660026629,4.4478,112.975,114,117,118,121,124,125,128,130,132,1.00080745679197,2089.14665887099,1775.46205495966,115,2022-01-20
"Reference: Age and week by age, Report: Day of week",2022-01-20,2022-01-09,35-59,DE,104,FALSE,5,118.9205,119,5.07385965275824,4.4478,111,112,115,116,119,122,122.2,125,126,127.025,1.00488229199065,1593.7697405538,1519.80549423918,113,2022-01-20
"Independent by age, Reference: Week, Report: Day of week",2022-01-20,2022-01-09,35-59,DE,104,FALSE,1,119.8795,120,5.22375569507044,5.9304,111,112,115,116,120,123,124,127,129,131,1.00134025535914,1691.4145077022,1838.93726102894,114,2022-01-20
"Independent by age, Reference: Week and day of week, Report: Day of week",2022-01-20,2022-01-09,35-59,DE,104,FALSE,1,118.4755,118,4.90830372661843,4.4478,110,111,114,115,118,122,122,125,127,129,0.999749446779339,1630.50648477161,1713.65569686744,112,2022-01-20
"Reference: Fixed, Report: Fixed",2022-01-20,2022-01-10,35-59,DE,65,FALSE,5,80.9755,81,5.50618368558385,5.9304,72,73,76,77,81,84,85,88,91,93,0.999904413143064,2011.54442119008,1774.78543642196,74,2022-01-20
"Reference: Fixed, Report: Day of week",2022-01-20,2022-01-10,35-59,DE,65,FALSE,5,77.448,77,4.08174304839937,4.4478,70,71,74,75,77,80,81,83,84,86,1.0004560428064,2146.02961316306,1971.62827778514,72,2022-01-20
"Reference: Age, Report: Day of week",2022-01-20,2022-01-10,35-59,DE,65,FALSE,5,77.2265,77,4.02744433902593,4.4478,70,71,74,74,77,80,80,83,84,86,1.00090117741847,2233.58832471087,1985.26314840537,72,2022-01-20
"Reference: Age and week, Report: Day of week",2022-01-20,2022-01-10,35-59,DE,65,FALSE,5,77.176,77,4.09211396448696,4.4478,70,71,74,74,77,80,80,82,85,86,1.00027653363035,1995.82612383156,1877.93468251099,72,2022-01-20
"Reference: Age and week by age, Report: Day of week",2022-01-20,2022-01-10,35-59,DE,65,FALSE,5,75.436,75,3.99923754614242,2.9652,69,70,72,73,75,78,78,80,82,83,1.00631098569539,1913.11631344457,1800.71752123447,71,2022-01-20
"Independent by age, Reference: Week, Report: Day of week",2022-01-20,2022-01-10,35-59,DE,65,FALSE,1,76.7335,76,4.24799958807085,4.4478,69,70,73,74,76,79,80,82,84,86,1.00005838388043,1935.88950047382,1633.32215506639,71,2022-01-20
"Independent by age, Reference: Week and day of week, Report: Day of week",2022-01-20,2022-01-10,35-59,DE,65,FALSE,1,75.534,75,4.02280194239461,4.4478,69,70,72,73,75,78,79,81,83,85,1.00104595126719,1977.50544818148,1880.79323675294,71,2022-01-20
"Reference: Fixed, Report: Fixed",2022-01-20,2022-01-11,35-59,DE,181,FALSE,5,214.931,214,9.51154423513177,8.8956,199,201,207,208,214,220,222,228,232,236,0.999446657677857,2160.81257147502,1867.69392129433,204,2022-01-20
"Reference: Fixed, Report: Day of week",2022-01-20,2022-01-11,35-59,DE,181,FALSE,5,208.2005,208,6.44469291614362,5.9304,196,198,203,204,208,212,214,217,220,222,0.999579529810234,1996.7335971654,2001.25661848301,200,2022-01-20
"Reference: Age, Report: Day of week",2022-01-20,2022-01-11,35-59,DE,181,FALSE,5,207.254,207,6.50812275782468,5.9304,196,198,202,203,207,211.25,213,216,219,221,1.00095783697792,2001.27033413714,1953.2932492586,199,2022-01-20
"Reference: Age and week, Report: Day of week",2022-01-20,2022-01-11,35-59,DE,181,FALSE,5,207.089,207,6.49693651593165,5.9304,196,197,201,203,207,211,212,216,219,221,1.00089585706109,2129.42976922867,2065.27651938405,199,2022-01-20
"Reference: Age and week by age, Report: Day of week",2022-01-20,2022-01-11,35-59,DE,181,FALSE,5,204.849,205,7.4248746374394,5.9304,194,196,200,201,205,209,210,213,215,218,1.00965820659949,1945.24413720612,1679.19761743794,198,2022-01-20
"Independent by age, Reference: Week, Report: Day of week",2022-01-20,2022-01-11,35-59,DE,181,FALSE,1,206.6355,206,7.34231533967819,7.413,194,196,201,201,206,211,213,216,220,223,1.00079493355999,1914.9139272948,1925.14661583325,198,2022-01-20
"Independent by age, Reference: Week and day of week, Report: Day of week",2022-01-20,2022-01-11,35-59,DE,181,FALSE,1,206.596,206,7.33114294148015,7.413,194,196,200,201,206,211,212,216,219,223,1.00116869565639,2108.33548581734,2096.90967069978,198,2022-01-20
"Reference: Fixed, Report: Fixed",2022-01-20,2022-01-12,35-59,DE,195,FALSE,5,245.7845,244,13.5169676317205,11.8608,224,227,234.8,236,244,254,257,264,271,278,0.99989016511953,2471.85780979364,1814.50437553563,230,2022-01-20
"Reference: Fixed, Report: Day of week",2022-01-20,2022-01-12,35-59,DE,195,FALSE,5,236.428,236,8.85889699838609,8.8956,221,223,229,230,236,242,244,248,252,255,0.999750279336814,2135.75222900033,1932.36380904672,225,2022-01-20
"Reference: Age, Report: Day of week",2022-01-20,2022-01-12,35-59,DE,195,FALSE,5,235.16,234,8.31841318996595,8.8956,221,223,228,229,234,240,242,246,250,253,0.999314941048446,2007.32641057702,1871.38565667353,225,2022-01-20
"Reference: Age and week, Report: Day of week",2022-01-20,2022-01-12,35-59,DE,195,FALSE,5,234.387,234,8.39156959216272,8.8956,220,222,227,228,234,240,241,245,248.05,251.025,1.00008891462739,2146.11307743965,1926.80980905232,224,2022-01-20
"Reference: Age and week by age, Report: Day of week",2022-01-20,2022-01-12,35-59,DE,195,FALSE,5,235.2635,235,10.1581820263786,8.8956,220,223,228,229,235,240,242,246,250,255,1.03039786312468,1126.51227323438,319.578333739898,225,2022-01-20
"Independent by age, Reference: Week, Report: Day of week",2022-01-20,2022-01-12,35-59,DE,195,FALSE,1,235.0225,234,9.90389000689296,8.8956,218,221,227,228,234,241,243,248,253,258,1.00229819607657,2277.5107086961,1826.17077163017,223,2022-01-20
"Independent by age, Reference: Week and day of week, Report: Day of week",2022-01-20,2022-01-12,35-59,DE,195,FALSE,1,239.1475,238,11.3214323813545,10.3782,220,223,230,231,238,246,248,254,259.05,264,0.999631490200645,1824.06021251013,1749.99911079675,225,2022-01-20
"Reference: Fixed, Report: Fixed",2022-01-20,2022-01-13,35-59,DE,165,FALSE,5,217.1745,216,14.3641990677319,13.3434,194,196.95,205,207,216,226,228,237,243.05,249,1.0001978048535,2111.72079376011,1828.46745415379,200,2022-01-20
"Reference: Fixed, Report: Day of week",2022-01-20,2022-01-13,35-59,DE,165,FALSE,5,209.171,209,9.06547574180267,8.8956,193,195,201,203,209,215,217,221,225,228,1.00367526599937,2108.0990332519,1691.99659993597,198,2022-01-20
"Reference: Age, Report: Day of week",2022-01-20,2022-01-13,35-59,DE,165,FALSE,5,207.5815,207,8.96685898350225,8.8956,191,194,200,201,207,213,215,219,223.05,227,1.00102595953166,2016.23557310974,1807.7409949659,197,2022-01-20
"Reference: Age and week, Report: Day of week",2022-01-20,2022-01-13,35-59,DE,165,FALSE,5,207.6915,207,8.90791800880687,8.8956,192,194,200,201,207,214,215,219,223,226.025,0.999625829169465,1986.22157490952,1874.24884947755,197,2022-01-20
"Reference: Age and week by age, Report: Day of week",2022-01-20,2022-01-13,35-59,DE,165,FALSE,5,205.2435,205,9.75596213341228,8.8956,190,193,198,199,205,211,212,217,221,223,1.03433328354155,1491.3409828669,1478.36345262608,195,2022-01-20
"Independent by age, Reference: Week, Report: Day of week",2022-01-20,2022-01-13,35-59,DE,165,FALSE,1,208.581,208,10.7652860943101,10.3782,190,192,200,201,208,215,217,223,228,232,1.00169916650115,2278.62490177173,1939.224204421,196,2022-01-20
"Independent by age, Reference: Week and day of week, Report: Day of week",2022-01-20,2022-01-13,35-59,DE,165,FALSE,1,208.6985,207,11.2089882888345,10.3782,190,192,199,201,207,216,218,224,229,233,1.00301424720664,1899.99112877543,2036.21993200545,195,2022-01-20
"Reference: Fixed, Report: Fixed",2022-01-20,2022-01-14,35-59,DE,158,FALSE,5,216.7315,215,16.2217748948865,14.826,190,193,203,205,215,226,229,238,245,254,1.00025657752848,2446.33499143424,1852.84349192831,198,2022-01-20
"Reference: Fixed, Report: Day of week",2022-01-20,2022-01-14,35-59,DE,158,FALSE,5,210.53,210,10.6074199822266,10.3782,192,194,201,203,210,217,219,224,229,233,1.00018438647201,2013.63432929553,1765.03636646552,197.9,2022-01-20
"Reference: Age, Report: Day of week",2022-01-20,2022-01-14,35-59,DE,158,FALSE,5,209.3855,209,10.6566726554794,10.3782,190,193,200,202,209,216,218,223,228,232,1.00071656926673,2119.51005039521,1881.39321512736,196,2022-01-20
"Reference: Age and week, Report: Day of week",2022-01-20,2022-01-14,35-59,DE,158,FALSE,5,208.694,208,11.0241158178233,10.3782,190,192,199,201,208,215,217,223,228,232,0.999507737146506,2037.13432863071,1944.61536760433,195,2022-01-20
"Reference: Age and week by age, Report: Day of week",2022-01-20,2022-01-14,35-59,DE,158,FALSE,5,218.492,220,17.3946320056305,19.2738,188.975,192,202,205,220,232,234,240,244,248,1.54389917318964,3.548768819781,80.4475631154439,196,2022-01-20
"Independent by age, Reference: Week, Report: Day of week",2022-01-20,2022-01-14,35-59,DE,158,FALSE,1,209.4845,209,11.8662615777639,11.8608,189,191,199,201,209,217,219,225,230,235,1.00013809213961,2184.5483378702,1595.31402004547,195,2022-01-20
"Independent by age, Reference: Week and day of week, Report: Day of week",2022-01-20,2022-01-14,35-59,DE,158,FALSE,1,212.3725,211,13.2584553047681,13.3434,190,193,201,203,211,221,223,230,236,241,0.999360760154741,2078.78366155712,1681.45140035736,196,2022-01-20
"Reference: Fixed, Report: Fixed",2022-01-20,2022-01-15,35-59,DE,139,FALSE,5,199.5525,198,17.3037843903325,16.3086,172,176,185,188,198,209,212,222,230,239,1.0005295557811,2531.51291354588,1932.98214990201,179,2022-01-20
"Reference: Fixed, Report: Day of week",2022-01-20,2022-01-15,35-59,DE,139,FALSE,5,199.0205,198,12.2750322997123,11.8608,178,180,188.8,190,198,207,209,216,221,224,0.999602828839103,2277.87373223381,1540.01977520138,184,2022-01-20
"Reference: Age, Report: Day of week",2022-01-20,2022-01-15,35-59,DE,139,FALSE,5,194.5185,194,11.9948153611372,11.8608,174,177,184,186,194,202,204,210,216,220.025,1.00024353179427,2251.878952095,2013.64311305043,180,2022-01-20
"Reference: Age and week, Report: Day of week",2022-01-20,2022-01-15,35-59,DE,139,FALSE,5,195.556,195,12.3235059296939,11.8608,173.975,177,186,187,195,203,206,212,217,223,1.00050143250808,1889.61894843429,1879.1413140816,181,2022-01-20
"Reference: Age and week by age, Report: Day of week",2022-01-20,2022-01-15,35-59,DE,139,FALSE,5,187.235,189,14.0108503297795,13.3434,161,164,175.8,178.75,189,197,199,203,208,211.025,1.20516277441821,7.3240510593816,43.9084799563494,169,2022-01-20
"Independent by age, Reference: Week, Report: Day of week",2022-01-20,2022-01-15,35-59,DE,139,FALSE,1,192.456,191,16.2957921077869,14.826,166,169,179,181,191,202,205,213,222,229,0.999886963177574,2058.7622031977,1591.71522178815,173,2022-01-20
"Independent by age, Reference: Week and day of week, Report: Day of week",2022-01-20,2022-01-15,35-59,DE,139,FALSE,1,192.0005,191,16.4380231187338,16.3086,165,168,178,180,191,201.25,204,213,222,230,0.999652769660519,2370.99367347318,1980.04029763473,172,2022-01-20
"Reference: Fixed, Report: Fixed",2022-01-20,2022-01-16,35-59,DE,80,FALSE,5,129.746,128,15.8548469587708,14.826,105,108,116,118,128,139,142,150,159,166,1.00008607476656,2509.0920658522,1482.29083093787,112,2022-01-20
"Reference: Fixed, Report: Day of week",2022-01-20,2022-01-16,35-59,DE,80,FALSE,5,130.145,129,11.1940443233961,10.3782,111,113,121,122,129,137,139,145,150,155,0.99917920188472,2226.99680524711,1841.30989625577,117,2022-01-20
"Reference: Age, Report: Day of week",2022-01-20,2022-01-16,35-59,DE,80,FALSE,5,126.448,125,11.0378083244049,10.3782,107,110,117,119,125,133,135,141,146,150,1.00080974141745,2403.63936741313,1835.25646352013,113,2022-01-20
"Reference: Age and week, Report: Day of week",2022-01-20,2022-01-16,35-59,DE,80,FALSE,5,126.7515,126,10.9776592336948,10.3782,107,110,118,119,126,133,135,141,146,150,1.00010732841209,2233.31552730784,1961.44915821041,113,2022-01-20
"Reference: Age and week by age, Report: Day of week",2022-01-20,2022-01-16,35-59,DE,80,FALSE,5,117.2295,115,12.1835975711153,10.3782,102,103,108,109,115,123,125,133,140,143.75,1.20222271163756,7.17692743199046,80.0532004946185,105,2022-01-20
"Independent by age, Reference: Week, Report: Day of week",2022-01-20,2022-01-16,35-59,DE,80,FALSE,1,126.5605,125,15.0297467175331,14.826,102,105,114,116,125,135,138,146,154,161,0.999800589384428,2435.62667814141,1946.60176643291,109,2022-01-20
"Independent by age, Reference: Week and day of week, Report: Day of week",2022-01-20,2022-01-16,35-59,DE,80,FALSE,1,122.1865,121,13.7687147731098,13.3434,100,103,111,113,121,130,133,140,147,154,1.00015351527819,2348.44923274947,1801.65116033572,106,2022-01-20
"Reference: Fixed, Report: Fixed",2022-01-20,2022-01-17,35-59,DE,39,FALSE,5,87.1265,85,16.7638005910094,14.826,62,65,73,75,85,96,100,108,117,126,1.00071242101231,2162.36403179042,2012.82242988121,68,2022-01-20
"Reference: Fixed, Report: Day of week",2022-01-20,2022-01-17,35-59,DE,39,FALSE,5,71.878,71,9.1671224529311,8.8956,56,58.95,64,66,71,78,79,83.1000000000002,88,92.0249999999999,1.00103414618261,2108.4128767846,1798.54554585453,61,2022-01-20
"Reference: Age, Report: Day of week",2022-01-20,2022-01-17,35-59,DE,39,FALSE,5,69.4355,68,8.56507559861587,8.8956,56,57,62,63,68,75,76,81,84,88,0.999602026978881,2168.94028184491,1895.50177945243,59,2022-01-20
"Reference: Age and week, Report: Day of week",2022-01-20,2022-01-17,35-59,DE,39,FALSE,5,69.5455,69,8.65993227245351,8.8956,55,57,62,63,69,75,77,81,85,89,1.00089870850969,1856.28144235915,1879.73455289208,59,2022-01-20
"Reference: Age and week by age, Report: Day of week",2022-01-20,2022-01-17,35-59,DE,39,FALSE,5,69.443,70,8.55262092357256,7.413,53,55,62,64,70,75,76,80,83,86,1.07242283585344,21.2053243412241,81.4831699982267,58,2022-01-20
"Independent by age, Reference: Week, Report: Day of week",2022-01-20,2022-01-17,35-59,DE,39,FALSE,1,70.9925,70,11.4334074165393,10.3782,53,55,62,63,70,78,80,86,92,98,1.0011812357969,1682.48497442985,1788.94898767248,57,2022-01-20
"Independent by age, Reference: Week and day of week, Report: Day of week",2022-01-20,2022-01-17,35-59,DE,39,FALSE,1,67.794,67,10.6037627232953,10.3782,51,53,59,60,67,73,76,82,87.05,92,1.00132495103974,2080.79022121244,1948.32971335991,56,2022-01-20
"Reference: Fixed, Report: Fixed",2022-01-20,2022-01-18,35-59,DE,112,FALSE,5,213.789,209,34.1739726868944,31.1346,161.975,168,186,190,209,232,239,259,277,296.025,0.999896073430705,2837.39374046334,2002.07578838603,176,2022-01-20
"Reference: Fixed, Report: Day of week",2022-01-20,2022-01-18,35-59,DE,112,FALSE,5,181.8245,181,15.2330470560327,14.826,156,159,169,171,181,191,194,203,209,215,1.00055234301963,2121.56978942095,1942.8907755979,163,2022-01-20
"Reference: Age, Report: Day of week",2022-01-20,2022-01-18,35-59,DE,112,FALSE,5,176.911,175,15.4299423382033,14.826,151,154.95,164,166,175,186,189,197,205,211,1.00003372779448,2362.08803993983,2067.01006523097,159,2022-01-20
"Reference: Age and week, Report: Day of week",2022-01-20,2022-01-18,35-59,DE,112,FALSE,5,176.147,175,15.1161714835523,14.826,150,153,163,165,175,186,188,196,203,210,1.00018746869621,2076.87425830902,1952.04682175356,158,2022-01-20
"Reference: Age and week by age, Report: Day of week",2022-01-20,2022-01-18,35-59,DE,112,FALSE,5,129.291,125,13.3334245077756,7.413,116,117,120,121,125,134,137,146,156,156.25,1.44403486465261,3.98182325851921,102.55771593913,118,2022-01-20
"Independent by age, Reference: Week, Report: Day of week",2022-01-20,2022-01-18,35-59,DE,112,FALSE,1,179.0695,175,22.4378786642025,20.7564,145,149,160,163,175,193,197,208,221,231,0.999837120737946,2357.75922388539,1694.5322985656,153.9,2022-01-20
"Independent by age, Reference: Week and day of week, Report: Day of week",2022-01-20,2022-01-18,35-59,DE,112,FALSE,1,179.805,177,22.9268138736546,22.239,144,149,160,163,177,193,197,209,221.05,233.025,0.999391284203591,2163.36371485173,1857.24132432335,154,2022-01-20
"Reference: Fixed, Report: Fixed",2022-01-20,2022-01-19,35-59,DE,155,FALSE,5,348.7815,337,67.5543377735732,59.304,249,260,293.8,302,337,385,399,437,475.05,504.025,1.00017245085955,2487.22114128395,1884.59185605966,271.9,2022-01-20
"Reference: Fixed, Report: Day of week",2022-01-20,2022-01-19,35-59,DE,155,FALSE,5,307.438,304,33.2592129134442,32.6172,251,258,279,284,304,328,334,351,366,381,0.999964274718006,2233.30461936685,1652.20755890246,268,2022-01-20
"Reference: Age, Report: Day of week",2022-01-20,2022-01-19,35-59,DE,155,FALSE,5,296.9865,293,32.5357896254767,31.1346,244,250,270,274,293,317,323,340.1,355,372,1.00010875991217,2127.01641044751,1631.58634602204,259,2022-01-20
"Reference: Age and week, Report: Day of week",2022-01-20,2022-01-19,35-59,DE,155,FALSE,5,298.8175,295,32.3744227033114,31.1346,243,251,271,276,295,318,324,342,357.05,372,0.999567469923892,2238.32330228963,1477.69079296713,260,2022-01-20
"Reference: Age and week by age, Report: Day of week",2022-01-20,2022-01-19,35-59,DE,155,FALSE,5,191.139,174,37.6226848085846,14.826,161,162,166,167,174,204,214,217.5,217.5,217.5,1.46240644234624,4.05314243440492,133.093052184883,164,2022-01-20
"Independent by age, Reference: Week, Report: Day of week",2022-01-20,2022-01-19,35-59,DE,155,FALSE,1,302.944,297,47.5849874384218,45.9606,230,239,262,268,297,330,339,364,390,418.025,1.00057251215247,2254.857350621,1984.70159049763,249,2022-01-20
"Independent by age, Reference: Week and day of week, Report: Day of week",2022-01-20,2022-01-19,35-59,DE,155,FALSE,1,320.3855,312,55.0091619068756,50.4084,238,247,274,280,312,349,359,397.1,424,449.075,0.999329572294362,2010.90615863361,1961.85426759091,259,2022-01-20
"Reference: Fixed, Report: Fixed",2022-01-20,2022-01-20,35-59,DE,61,FALSE,5,315.493,288,125.147772387153,97.8516,158,171,218,231,288,369,393,469,550.1,620.025,1.00149603755746,2941.69358957153,1933.86664807359,190,2022-01-20
"Reference: Fixed, Report: Day of week",2022-01-20,2022-01-20,35-59,DE,61,FALSE,5,231.275,223,53.1102223951419,48.9258,150,161,188,193,223,260,269.2,301.1,330.05,359.075,1.00210567368037,2883.96720778345,1885.04095133869,173,2022-01-20
"Reference: Age, Report: Day of week",2022-01-20,2022-01-20,35-59,DE,61,FALSE,5,217.274,209,49.6022692682329,44.478,142,151,177,183,209,244,251,283,310,336.025,1.00007876100123,3011.44293598879,1620.49678957337,163,2022-01-20
"Reference: Age and week, Report: Day of week",2022-01-20,2022-01-20,35-59,DE,61,FALSE,5,219.3125,212,49.8976625917092,47.4432,143,152,177,183,212,249,259,285,310,334,1.00135496852561,2754.21756156696,1746.79952014419,161,2022-01-20
"Reference: Age and week by age, Report: Day of week",2022-01-20,2022-01-20,35-59,DE,61,FALSE,5,125.463,106,47.9525948899363,20.7564,82,85,94,95,106,132.5,132.5,132.5,132.5,132.5,1.25208330549091,6.06959607377412,70.8771316889041,88,2022-01-20
"Independent by age, Reference: Week, Report: Day of week",2022-01-20,2022-01-20,35-59,DE,61,FALSE,1,225.2985,214,65.1429981107059,57.8214,134,142,171,179,214,260,272,311,348.05,380,1.00110594483799,3166.69089702744,1923.73977679672,153,2022-01-20
"Independent by age, Reference: Week and day of week, Report: Day of week",2022-01-20,2022-01-20,35-59,DE,61,FALSE,1,225.5545,213,66.7967209578087,54.8562,135,144,172.8,180,213,256.25,269,306,351,397,0.99926284471157,2632.51508206466,1791.10638931132,155,2022-01-20
"Reference: Fixed, Report: Fixed",2022-01-20,2021-12-12,60-79,DE,345,FALSE,6,345,345,0,0,345,345,345,345,345,345,345,345,345,345,,,,345,2022-01-20
"Reference: Fixed, Report: Day of week",2022-01-20,2021-12-12,60-79,DE,345,FALSE,6,345,345,0,0,345,345,345,345,345,345,345,345,345,345,,,,345,2022-01-20
"Reference: Age, Report: Day of week",2022-01-20,2021-12-12,60-79,DE,345,FALSE,6,345,345,0,0,345,345,345,345,345,345,345,345,345,345,,,,345,2022-01-20
"Reference: Age and week, Report: Day of week",2022-01-20,2021-12-12,60-79,DE,345,FALSE,6,345,345,0,0,345,345,345,345,345,345,345,345,345,345,,,,345,2022-01-20
"Reference: Age and week by age, Report: Day of week",2022-01-20,2021-12-12,60-79,DE,345,FALSE,6,344.8275,345,7.71443452237427,0,345,345,345,345,345,345,345,345,345,345,1,2008.04825741572,,345,2022-01-20
"Independent by age, Reference: Week, Report: Day of week",2022-01-20,2021-12-12,60-79,DE,345,FALSE,1,345,345,0,0,345,345,345,345,345,345,345,345,345,345,,,,345,2022-01-20
"Independent by age, Reference: Week and day of week, Report: Day of week",2022-01-20,2021-12-12,60-79,DE,345,FALSE,1,345,345,0,0,345,345,345,345,345,345,345,345,345,345,,,,345,2022-01-20
"Reference: Fixed, Report: Fixed",2022-01-20,2021-12-13,60-79,DE,220,FALSE,6,220.3905,220,0.65819933392673,0,220,220,220,220,220,221,221,221,222,222,0.999342666734115,1938.35883056984,1889.34621162209,220,2022-01-20
"Reference: Fixed, Report: Day of week",2022-01-20,2021-12-13,60-79,DE,220,FALSE,6,220.057,220,0.24037447856412,0,220,220,220,220,220,220,220,220,221,221,0.999217389740144,1946.80750840534,1871.32552600864,220,2022-01-20
"Reference: Age, Report: Day of week",2022-01-20,2021-12-13,60-79,DE,220,FALSE,6,220.0545,220,0.229251015295477,0,220,220,220,220,220,220,220,220,221,221,1.00054854102774,1843.24357213667,1917.80225114323,220,2022-01-20
"Reference: Age and week, Report: Day of week",2022-01-20,2021-12-13,60-79,DE,220,FALSE,6,220.057,220,0.24037447856412,0,220,220,220,220,220,220,220,220,221,221,0.999995290175332,1815.35608299883,1811.68246906754,220,2022-01-20
"Reference: Age and week by age, Report: Day of week",2022-01-20,2021-12-13,60-79,DE,220,FALSE,6,219.9505,220,4.92698562446369,0,220,220,220,220,220,220,220,220,221,221,0.999913107568983,2002.73466166129,1987.5817205314,220,2022-01-20
"Independent by age, Reference: Week, Report: Day of week",2022-01-20,2021-12-13,60-79,DE,220,FALSE,1,220.096,220,0.312782538608262,0,220,220,220,220,220,220,220,220,221,221,0.999491385697213,1888.71479570354,1881.74903780943,220,2022-01-20
"Independent by age, Reference: Week and day of week, Report: Day of week",2022-01-20,2021-12-13,60-79,DE,220,FALSE,1,220.1025,220,0.317874617004988,0,220,220,220,220,220,220,220,220,221,221,1.00005832092682,2132.85029538476,2024.40663652668,220,2022-01-20
"Reference: Fixed, Report: Fixed",2022-01-20,2021-12-14,60-79,DE,434,FALSE,6,435.263,435,1.22987287702706,1.4826,434,434,434,434,435,436,436,437,438,438,1.00024315011565,2032.38417864776,1798.50514513416,434,2022-01-20
"Reference: Fixed, Report: Day of week",2022-01-20,2021-12-14,60-79,DE,434,FALSE,6,434.2635,434,0.525552902119723,0,434,434,434,434,434,434,435,435,435,436,0.999890728540878,2085.89852693675,1960.74984628687,434,2022-01-20
"Reference: Age, Report: Day of week",2022-01-20,2021-12-14,60-79,DE,434,FALSE,6,434.269,434,0.52035986316548,0,434,434,434,434,434,434,435,435,435,436,0.99946115295445,1978.46894183475,1744.61013697936,434,2022-01-20
"Reference: Age and week, Report: Day of week",2022-01-20,2021-12-14,60-79,DE,434,FALSE,6,434.24,434,0.48838433597917,0,434,434,434,434,434,434,435,435,435,435,0.999985090977034,2016.13766539836,1896.67226799461,434,2022-01-20
"Reference: Age and week by age, Report: Day of week",2022-01-20,2021-12-14,60-79,DE,434,FALSE,6,433.999,434,9.72112386118818,0,434,434,434,434,434,434,434,435,435,436,0.999772271535316,1785.69124845902,1734.2849891245,434,2022-01-20
"Independent by age, Reference: Week, Report: Day of week",2022-01-20,2021-12-14,60-79,DE,434,FALSE,1,434.4505,434,0.678070527172439,0,434,434,434,434,434,435,435,435,436,436,1.00131271269574,1822.1641452601,1716.99394060397,434,2022-01-20
"Independent by age, Reference: Week and day of week, Report: Day of week",2022-01-20,2021-12-14,60-79,DE,434,FALSE,1,434.4275,434,0.660273981666272,0,434,434,434,434,434,435,435,435,436,436,0.999098268784898,1724.78180237631,1674.76498139368,434,2022-01-20
"Reference: Fixed, Report: Fixed",2022-01-20,2021-12-15,60-79,DE,585,FALSE,6,587.993,588,1.95188522407543,1.4826,585,585,586,587,588,589,589.2,590,592,592,1.0004502282876,1870.16119004357,2019.31548146477,586,2022-01-20
"Reference: Fixed, Report: Day of week",2022-01-20,2021-12-15,60-79,DE,585,FALSE,6,585.8325,586,0.940151951998411,1.4826,585,585,585,585,586,586,587,587,588,588,0.999429335096094,2005.08688105768,1875.89755688342,585,2022-01-20
"Reference: Age, Report: Day of week",2022-01-20,2021-12-15,60-79,DE,585,FALSE,6,585.7995,586,0.925596085804725,1.4826,585,585,585,585,586,586,586,587,587,588,1.00033043335311,1973.4233194492,1897.87372273813,585,2022-01-20
"Reference: Age and week, Report: Day of week",2022-01-20,2021-12-15,60-79,DE,585,FALSE,6,585.793,586,0.896411053249677,1.4826,585,585,585,585,586,586,586,587,587,588,1.00050503935223,1953.09396946678,1575.99763678103,585,2022-01-20
"Reference: Age and week by age, Report: Day of week",2022-01-20,2021-12-15,60-79,DE,585,FALSE,6,585.4815,586,13.1301126300896,1.4826,585,585,585,585,586,586,586,587,588,588,0.999655391734526,1895.50142333799,1833.92918647906,585,2022-01-20
"Independent by age, Reference: Week, Report: Day of week",2022-01-20,2021-12-15,60-79,DE,585,FALSE,1,586.2135,586,1.16301076823197,1.4826,585,585,585,585,586,587,587,588,588,589,1.00073089579723,1961.45905709393,1824.70651220439,585,2022-01-20
"Independent by age, Reference: Week and day of week, Report: Day of week",2022-01-20,2021-12-15,60-79,DE,585,FALSE,1,586.0835,586,1.07986610531246,1.4826,585,585,585,585,586,587,587,588,588,589,1.00126281316014,2069.08153286595,1872.73348613612,585,2022-01-20
"Reference: Fixed, Report: Fixed",2022-01-20,2021-12-16,60-79,DE,445,FALSE,6,448.3575,448,2.0798693897308,1.4826,445,446,447,447,448,450,450,451,452,453,0.999915771614742,2076.01722644182,1973.69315204902,446,2022-01-20
"Reference: Fixed, Report: Day of week",2022-01-20,2021-12-16,60-79,DE,445,FALSE,6,446.0755,446,1.03505334051384,1.4826,445,445,445,445,446,447,447,447,448,448,0.999500588093698,1963.02044704415,1908.98387417582,445,2022-01-20
"Reference: Age, Report: Day of week",2022-01-20,2021-12-16,60-79,DE,445,FALSE,6,446.0705,446,1.0488468858203,1.4826,445,445,445,445,446,447,447,447,448,449,1.00009384804571,1843.60551449582,2019.66928050808,445,2022-01-20
"Reference: Age and week, Report: Day of week",2022-01-20,2021-12-16,60-79,DE,445,FALSE,6,446.0855,446,1.06759525561652,1.4826,445,445,445,445,446,447,447,448,448,449,1.00033561026293,1928.5995132272,2052.80901123637,445,2022-01-20
"Reference: Age and week by age, Report: Day of week",2022-01-20,2021-12-16,60-79,DE,445,FALSE,6,445.683,446,10.0145222715896,1.4826,445,445,445,445,446,446,447,447,448,448,1.00124446500671,1971.64494973136,2013.3382722192,445,2022-01-20
"Independent by age, Reference: Week, Report: Day of week",2022-01-20,2021-12-16,60-79,DE,445,FALSE,1,446.593,446,1.2771713210418,1.4826,445,445,445,446,446,447,448,448,449,450,1.0005056928726,2098.84489962158,1945.27177559257,445,2022-01-20
"Independent by age, Reference: Week and day of week, Report: Day of week",2022-01-20,2021-12-16,60-79,DE,445,FALSE,1,446.4175,446,1.19912997892354,1.4826,445,445,445,446,446,447,447,448,449,449,1.00117150814193,1857.46410886391,1905.72385733967,445,2022-01-20
"Reference: Fixed, Report: Fixed",2022-01-20,2021-12-17,60-79,DE,423,FALSE,6,426.964,427,2.24303803128812,2.9652,423,424,425,425,427,428,429,430,431,432,0.999601557998592,1686.37118057634,1828.6620818406,424,2022-01-20
"Reference: Fixed, Report: Day of week",2022-01-20,2021-12-17,60-79,DE,423,FALSE,6,424.477,424,1.28190976528115,1.4826,423,423,423,423,424,425,425,426,427,427,0.999603284712181,1946.91374826698,1836.4818899869,423,2022-01-20
"Reference: Age, Report: Day of week",2022-01-20,2021-12-17,60-79,DE,423,FALSE,6,424.3915,424,1.19830952715124,1.4826,423,423,423,423,424,425,425,426,427,427,1.00154064864961,2085.0676643603,1562.30061980352,423,2022-01-20
"Reference: Age and week, Report: Day of week",2022-01-20,2021-12-17,60-79,DE,423,FALSE,6,424.338,424,1.1872071135085,1.4826,423,423,423,423,424,425,425,426,426,427,1.00146881863978,1955.53056487461,2094.90519030211,423,2022-01-20
"Reference: Age and week by age, Report: Day of week",2022-01-20,2021-12-17,60-79,DE,423,FALSE,6,424.053,424,9.55441439425822,1.4826,423,423,423,423,424,425,425,426,426,427,1.00181303496662,1909.68757099131,1956.38549745754,423,2022-01-20
"Independent by age, Reference: Week, Report: Day of week",2022-01-20,2021-12-17,60-79,DE,423,FALSE,1,424.956,425,1.51301308794807,1.4826,423,423,424,424,425,426,426,427,428,428.025,0.999453741041099,1951.02681849617,1820.76993945219,423,2022-01-20
"Independent by age, Reference: Week and day of week, Report: Day of week",2022-01-20,2021-12-17,60-79,DE,423,FALSE,1,424.6905,424,1.3771920995415,1.4826,423,423,423,424,424,425,426,427,427,428,0.999588826608288,2165.86260400393,1922.8950807638,423,2022-01-20
"Reference: Fixed, Report: Fixed",2022-01-20,2021-12-18,60-79,DE,410,FALSE,6,414.621,414,2.56020239788949,2.9652,411,411,412,413,414,416,417,418,419,420.025,1.0006861626365,2108.8329773425,2077.90918936484,412,2022-01-20
"Reference: Fixed, Report: Day of week",2022-01-20,2021-12-18,60-79,DE,410,FALSE,6,411.891,412,1.39538258061119,1.4826,410,410,411,411,412,413,413,414,414,415,0.999512983311021,2075.69107627794,1856.40896355512,410,2022-01-20
"Reference: Age, Report: Day of week",2022-01-20,2021-12-18,60-79,DE,410,FALSE,6,411.7885,412,1.38011597703056,1.4826,410,410,411,411,412,413,413,414,414,415,0.999443967473485,1974.74147928833,1911.0399802472,410,2022-01-20
"Reference: Age and week, Report: Day of week",2022-01-20,2021-12-18,60-79,DE,410,FALSE,6,411.731,412,1.3090056332476,1.4826,410,410,411,411,412,412,413,413,414,415,0.999447036963378,2004.2439102237,2052.81426755066,410,2022-01-20
"Reference: Age and week by age, Report: Day of week",2022-01-20,2021-12-18,60-79,DE,410,FALSE,6,411.7415,412,9.32180914913551,1.4826,410,410,411,411,412,413,413,414,415,415,1.00745566593912,1665.89332953794,1880.64140809469,410,2022-01-20
"Independent by age, Reference: Week, Report: Day of week",2022-01-20,2021-12-18,60-79,DE,410,FALSE,1,412.466,412,1.67070033812468,1.4826,410,410,411,411,412,413,414,415,415,416,1.00191516498214,1946.58969285597,1891.62732090773,410,2022-01-20
"Independent by age, Reference: Week and day of week, Report: Day of week",2022-01-20,2021-12-18,60-79,DE,410,FALSE,1,412.381,412,1.63804169369865,1.4826,410,410,411,411,412,413,414,415,415,416,1.00026848414139,2077.57423900364,2112.91824047682,410,2022-01-20
"Reference: Fixed, Report: Fixed",2022-01-20,2021-12-19,60-79,DE,259,FALSE,6,263.058,263,2.29527125522617,2.9652,259,260,261,261,263,264,265,266,267,268,1.00055278459031,2170.07491202527,1931.74926135596,260,2022-01-20
"Reference: Fixed, Report: Day of week",2022-01-20,2021-12-19,60-79,DE,259,FALSE,6,260.8465,261,1.43211844189502,1.4826,259,259,260,260,261,262,262,263,263,264,0.999613937924942,2019.72428863941,1852.66490980875,259,2022-01-20
"Reference: Age, Report: Day of week",2022-01-20,2021-12-19,60-79,DE,259,FALSE,6,260.652,260,1.32543366005002,1.4826,259,259,259,260,260,261,262,262,263,264,0.999751080317372,1911.13257382948,1626.71218480245,259,2022-01-20
"Reference: Age and week, Report: Day of week",2022-01-20,2021-12-19,60-79,DE,259,FALSE,6,260.6785,261,1.31415419590903,1.4826,259,259,260,260,261,261,262,262,263,264,1.0011374813071,2041.69346480505,1987.57418383054,259,2022-01-20
"Reference: Age and week by age, Report: Day of week",2022-01-20,2021-12-19,60-79,DE,259,FALSE,6,260.482,260,5.96476866547365,1.4826,259,259,260,260,260,261,262,262,263,263,1.00099660836561,1996.17850441318,1859.60170298345,259,2022-01-20
"Independent by age, Reference: Week, Report: Day of week",2022-01-20,2021-12-19,60-79,DE,259,FALSE,1,261.277,261,1.56380745198168,1.4826,259,259,260,260,261,262,263,263,264,265,1.00060077986304,1768.16928191185,1854.70471789672,259,2022-01-20
"Independent by age, Reference: Week and day of week, Report: Day of week",2022-01-20,2021-12-19,60-79,DE,259,FALSE,1,261.254,261,1.59146171024866,1.4826,259,259,260,260,261,262,262,263,264,265,0.999413006540122,2020.53707423147,2061.93267991266,259,2022-01-20
"Reference: Fixed, Report: Fixed",2022-01-20,2021-12-20,60-79,DE,160,FALSE,6,162.9025,163,1.86110870526318,1.4826,160,160,161,162,163,164,164,165,166,167,1.00091809480283,2099.77532969277,1838.57755093442,161,2022-01-20
"Reference: Fixed, Report: Day of week",2022-01-20,2021-12-20,60-79,DE,160,FALSE,6,161.363,161,1.18191770641292,1.4826,160,160,160,160,161,162,162,163,164,164,1.00062908402185,1927.09896862961,1960.05604377333,160,2022-01-20
"Reference: Age, Report: Day of week",2022-01-20,2021-12-20,60-79,DE,160,FALSE,6,161.244,161,1.13978662774152,1.4826,160,160,160,160,161,162,162,163,163,164,0.999944252805947,2115.95540889113,1782.6429520335,160,2022-01-20
"Reference: Age and week, Report: Day of week",2022-01-20,2021-12-20,60-79,DE,160,FALSE,6,161.2335,161,1.12321349452236,1.4826,160,160,160,160,161,162,162,163,163,164,1.00018855535354,1871.08664596638,1883.35760257429,160,2022-01-20
"Reference: Age and week by age, Report: Day of week",2022-01-20,2021-12-20,60-79,DE,160,FALSE,6,161.066,161,3.75895049906582,1.4826,160,160,160,160,161,162,162,163,163,164,1.00545777119073,1879.98732281803,1918.50328408547,160,2022-01-20
"Independent by age, Reference: Week, Report: Day of week",2022-01-20,2021-12-20,60-79,DE,160,FALSE,1,161.5955,161,1.28440826932138,1.4826,160,160,160,161,161,162,163,163,164,165,1.00034058274259,1984.32580771744,1944.86427019239,160,2022-01-20
"Independent by age, Reference: Week and day of week, Report: Day of week",2022-01-20,2021-12-20,60-79,DE,160,FALSE,1,161.748,162,1.41332754426343,1.4826,160,160,161,161,162,163,163,164,164,165,1.00028080427986,1691.24301474603,1793.07830904784,160,2022-01-20
"Reference: Fixed, Report: Fixed",2022-01-20,2021-12-21,60-79,DE,369,FALSE,6,375.0295,375,2.9245352114655,2.9652,370,371,373,373,375,377,377,379,380,381,1.00014422625347,1977.72017228537,2077.41709167285,372,2022-01-20
"Reference: Fixed, Report: Day of week",2022-01-20,2021-12-21,60-79,DE,369,FALSE,6,371.8925,372,1.79040401118341,1.4826,369,369,370,371,372,373,373,374,375,376,1.00075072731179,1887.51169418673,1873.35613764137,370,2022-01-20
"Reference: Age, Report: Day of week",2022-01-20,2021-12-21,60-79,DE,369,FALSE,6,371.806,372,1.71284293368006,1.4826,369,369,370,371,372,373,373,374,375,375,0.999877598796776,2052.81293605882,1887.96400401625,370,2022-01-20
"Reference: Age and week, Report: Day of week",2022-01-20,2021-12-21,60-79,DE,369,FALSE,6,371.697,372,1.66840726185056,1.4826,369,369,370,370,372,373,373,374,375,375.025,1.00037812632128,1979.96388395967,1882.61291992128,370,2022-01-20
"Reference: Age and week by age, Report: Day of week",2022-01-20,2021-12-21,60-79,DE,369,FALSE,6,371.6425,372,8.49575085800665,1.4826,369,369,370,370,372,373,373,374,375,376,1.00174737935032,1795.78867514224,1691.44797543567,370,2022-01-20
"Independent by age, Reference: Week, Report: Day of week",2022-01-20,2021-12-21,60-79,DE,369,FALSE,1,372.507,372,1.99071154772185,1.4826,369,370,371,371,372,374,374,375,376,377,1.00048203231871,1989.8374496734,2037.2559866467,370,2022-01-20
"Independent by age, Reference: Week and day of week, Report: Day of week",2022-01-20,2021-12-21,60-79,DE,369,FALSE,1,372.4925,372,2.03617699583783,1.4826,369,370,371,371,372,374,374,375,376,377,0.999604609109902,2185.84195210085,2060.5841118914,370,2022-01-20
"Reference: Fixed, Report: Fixed",2022-01-20,2021-12-22,60-79,DE,412,FALSE,6,420.099,420,3.45617875489577,2.9652,414,415,417,418,420,422,423,425,426,428,1.00005547136654,2015.64576990663,1985.82827835586,416,2022-01-20
"Reference: Fixed, Report: Day of week",2022-01-20,2021-12-22,60-79,DE,412,FALSE,6,416.291,416,2.15444652287077,1.4826,413,413,414,415,416,418,418,419,420,421,0.999458459821922,1941.94157539665,1865.54005168718,414,2022-01-20
"Reference: Age, Report: Day of week",2022-01-20,2021-12-22,60-79,DE,412,FALSE,6,415.873,416,2.04669623606958,1.4826,413,413,414,414,416,417,418,419,420,420.025,1.0001397354116,1986.80294658245,1777.78345969385,413,2022-01-20
"Reference: Age and week, Report: Day of week",2022-01-20,2021-12-22,60-79,DE,412,FALSE,6,415.802,416,2.0260425524189,1.4826,412,413,414,414,416,417,417,419,419,420,0.999787438355979,1786.29838534455,1630.30464677284,413,2022-01-20
"Reference: Age and week by age, Report: Day of week",2022-01-20,2021-12-22,60-79,DE,412,FALSE,6,415.8175,416,9.52620428260999,1.4826,413,413,414,415,416,417,418,419,420,421,1.00606602603318,1736.43840100591,1771.57139419374,414,2022-01-20
"Independent by age, Reference: Week, Report: Day of week",2022-01-20,2021-12-22,60-79,DE,412,FALSE,1,417.156,417,2.49093684849528,2.9652,413,414,415,415,417,419,419,420,421,422,1.00096406837438,1932.16201561881,1835.07566798657,414,2022-01-20
"Independent by age, Reference: Week and day of week, Report: Day of week",2022-01-20,2021-12-22,60-79,DE,412,FALSE,1,416.515,416,2.23232314715336,1.4826,413,413,415,415,416,418,418,419,420.05,421,1.00064619910245,1632.4434282688,1753.45215718889,414,2022-01-20
"Reference: Fixed, Report: Fixed",2022-01-20,2021-12-23,60-79,DE,325,FALSE,6,333.172,333,3.34724035722033,2.9652,328,328,330,331,333,335,336,338,339,340,1.00018332983152,2121.70175625234,1822.41108274292,329,2022-01-20
"Reference: Fixed, Report: Day of week",2022-01-20,2021-12-23,60-79,DE,325,FALSE,6,329.6845,329,2.30121871054815,1.4826,326,326,328,328,329,331,332,333,334,335,1.00041334111379,1960.12565302492,1974.34942422484,327,2022-01-20
"Reference: Age, Report: Day of week",2022-01-20,2021-12-23,60-79,DE,325,FALSE,6,329.055,329,2.12843607375463,1.4826,325,326,327,328,329,330,331,332,333,334,1.00035489649573,2150.39633592207,2054.25284481071,327,2022-01-20
"Reference: Age and week, Report: Day of week",2022-01-20,2021-12-23,60-79,DE,325,FALSE,6,329.0515,329,2.13638241307764,1.4826,326,326,327,327,329,330,331,332,333,334,1.00001070755197,1962.19751982609,1849.96537702585,327,2022-01-20
"Reference: Age and week by age, Report: Day of week",2022-01-20,2021-12-23,60-79,DE,325,FALSE,6,328.762,329,7.63121705476056,1.4826,326,326,327,328,329,330,331,332,332.05,333,1.00078248845031,2010.52499940102,1948.01372785553,326.9,2022-01-20
"Independent by age, Reference: Week, Report: Day of week",2022-01-20,2021-12-23,60-79,DE,325,FALSE,1,330.452,330,2.44329303204102,2.9652,326,327,328,329,330,332,332,334,335,336,0.999706126127136,2119.27830178511,2065.26676111564,327.9,2022-01-20
"Independent by age, Reference: Week and day of week, Report: Day of week",2022-01-20,2021-12-23,60-79,DE,325,FALSE,1,329.8325,330,2.36542625560074,2.9652,326,326,328,328,330,331,332,333,334,335,1.00071645371134,1955.84429053922,1837.07759725583,327,2022-01-20
"Reference: Fixed, Report: Fixed",2022-01-20,2021-12-24,60-79,DE,307,FALSE,6,316.391,316,3.73471458702312,4.4478,310,311,313,314,316,319,319,321,323,325,1.00031519463162,2175.84860677143,1966.608426496,312,2022-01-20
"Reference: Fixed, Report: Day of week",2022-01-20,2021-12-24,60-79,DE,307,FALSE,6,312.864,313,2.54533757519231,2.9652,308,309,311,311,313,314,315,316,317,318,1.00036232561486,1957.86449878226,1909.6293881743,310,2022-01-20
"Reference: Age, Report: Day of week",2022-01-20,2021-12-24,60-79,DE,307,FALSE,6,312.158,312,2.40456377821046,2.9652,308,309,310,310,312,314,314,315,317,317,1.00115531752713,1908.89169465516,1770.25799282051,309,2022-01-20
"Reference: Age and week, Report: Day of week",2022-01-20,2021-12-24,60-79,DE,307,FALSE,6,312.239,312,2.41553232191149,2.9652,308,309,310,310.75,312,314,314,315,316,317,1.00098036605968,1866.18476510501,1820.88282358017,309,2022-01-20
"Reference: Age and week by age, Report: Day of week",2022-01-20,2021-12-24,60-79,DE,307,FALSE,6,311.6235,312,7.34525180725998,2.9652,308,308,310,310,312,313,314,315,316,317,1.02458309689684,102.33185398757,1627.18314458017,309,2022-01-20
"Independent by age, Reference: Week, Report: Day of week",2022-01-20,2021-12-24,60-79,DE,307,FALSE,1,314.001,314,2.89243532184309,2.9652,309,310,312,312,314,316,316,318,319,320,0.999851581923038,1990.0125877691,2040.28000842169,310,2022-01-20
"Independent by age, Reference: Week and day of week, Report: Day of week",2022-01-20,2021-12-24,60-79,DE,307,FALSE,1,313.629,313,2.79146110980679,2.9652,309,310,311,312,313,315,316,317,319,320,1.00047646818372,1975.89148232164,1890.53971030202,310,2022-01-20
"Reference: Fixed, Report: Fixed",2022-01-20,2021-12-25,60-79,DE,163,FALSE,6,169.029,169,2.82314435905003,2.9652,164,165,167,167,169,171,171,173,174,176,1.00047880852564,2154.47321977817,2041.67714990183,166,2022-01-20
"Reference: Fixed, Report: Day of week",2022-01-20,2021-12-25,60-79,DE,163,FALSE,6,166.946,167,2.02734779195252,1.4826,164,164,165,165,167,168,169,170,170.05,172,1.00021346463433,2222.23568559846,2030.61585747819,164,2022-01-20
"Reference: Age, Report: Day of week",2022-01-20,2021-12-25,60-79,DE,163,FALSE,6,166.4805,166,1.92833580827997,1.4826,163,164,165,165,166,168,168,169,170,171,1.00220972997931,2025.20879740548,2046.98395109044,164,2022-01-20
"Reference: Age and week, Report: Day of week",2022-01-20,2021-12-25,60-79,DE,163,FALSE,6,166.4415,166,1.93065829983852,1.4826,163,164,165,165,166,168,168,169,170,171,0.999729299330842,1977.46189497133,1904.42938145393,164,2022-01-20
"Reference: Age and week by age, Report: Day of week",2022-01-20,2021-12-25,60-79,DE,163,FALSE,6,166.5085,166,4.21020078444279,1.4826,164,164,165,165,166,168,168,169,170,171,1.00000766361365,1836.11686294736,1822.15302628037,164,2022-01-20
"Independent by age, Reference: Week, Report: Day of week",2022-01-20,2021-12-25,60-79,DE,163,FALSE,1,167.7095,167,2.32826548316124,2.9652,164,164,166,166,167,169,170,171,172,173,0.999882599362688,1874.4998505658,1971.77922525251,165,2022-01-20
"Independent by age, Reference: Week and day of week, Report: Day of week",2022-01-20,2021-12-25,60-79,DE,163,FALSE,1,167.6065,167,2.26588279980038,2.9652,164,164,166,166,167,169,169,171,172,172,1.00122122582917,1686.95462103282,2077.57812693437,165,2022-01-20
"Reference: Fixed, Report: Fixed",2022-01-20,2021-12-26,60-79,DE,94,FALSE,6,97.801,98,2.14608989814627,1.4826,94,95,96,96,98,99,100,101,102,103,0.999761348407536,2033.02597102288,1835.05136560843,95,2022-01-20
"Reference: Fixed, Report: Day of week",2022-01-20,2021-12-26,60-79,DE,94,FALSE,6,96.513,96,1.60814304775135,1.4826,94,94,95,95,96,97,98,99,99,100,1.00068123396,1845.91791755431,1677.13522605863,95,2022-01-20
"Reference: Age, Report: Day of week",2022-01-20,2021-12-26,60-79,DE,94,FALSE,6,96.139,96,1.52047193905666,1.4826,94,94,95,95,96,97,97,98,99,100,1.00167119127551,1919.88909513195,1913.80399187576,94,2022-01-20
"Reference: Age and week, Report: Day of week",2022-01-20,2021-12-26,60-79,DE,94,FALSE,6,96.1455,96,1.51640347195094,1.4826,94,94,95,95,96,97,97,98,99,100,0.999270579880996,1682.42898876482,1858.82179830703,94,2022-01-20
"Reference: Age and week by age, Report: Day of week",2022-01-20,2021-12-26,60-79,DE,94,FALSE,6,96.277,96,2.65250615351732,1.4826,94,94,95,95,96,97,98,98,99,100,1.00219214953498,1756.88839660873,1673.79076849736,94,2022-01-20
"Independent by age, Reference: Week, Report: Day of week",2022-01-20,2021-12-26,60-79,DE,94,FALSE,1,96.8485,97,1.72685806289477,1.4826,94,94,95,96,97,98,98,99,100,101,1.00158496500842,2182.75889392769,1649.72735139506,95,2022-01-20
"Independent by age, Reference: Week and day of week, Report: Day of week",2022-01-20,2021-12-26,60-79,DE,94,FALSE,1,96.897,97,1.82429576207197,1.4826,94,94,95,96,97,98,98,99,100,101,0.999558070826248,1940.66403510606,1931.17148398227,95,2022-01-20
"Reference: Fixed, Report: Fixed",2022-01-20,2021-12-27,60-79,DE,118,FALSE,6,123.3045,123,2.51534157155858,2.9652,119,120,121,121,123,125,125,127,128,129,1.00068959725957,1898.70025388011,2021.28105469516,120,2022-01-20
"Reference: Fixed, Report: Day of week",2022-01-20,2021-12-27,60-79,DE,118,FALSE,6,121.241,121,1.88512488921131,1.4826,118,119,120,120,121,122,123,124,125,125,1.00255723017498,2025.6812593978,1947.51840375339,119,2022-01-20
"Reference: Age, Report: Day of week",2022-01-20,2021-12-27,60-79,DE,118,FALSE,6,120.836,121,1.71597677377757,1.4826,118,118,119,120,121,122,122,123,124,125,1.00061325636172,2132.82227132364,1884.82357619409,119,2022-01-20
"Reference: Age and week, Report: Day of week",2022-01-20,2021-12-27,60-79,DE,118,FALSE,6,120.8215,121,1.74303093157127,1.4826,118,118,119,120,121,122,122,123,124,125,0.99952408477449,2283.80249233019,1955.33845024287,119,2022-01-20
"Reference: Age and week by age, Report: Day of week",2022-01-20,2021-12-27,60-79,DE,118,FALSE,6,120.9395,121,3.23667696702875,1.4826,118,119,119,120,121,122,122,123,124,125,1.00224610334645,1747.4849565949,1971.25311449962,119,2022-01-20
"Independent by age, Reference: Week, Report: Day of week",2022-01-20,2021-12-27,60-79,DE,118,FALSE,1,121.817,122,2.05927931948481,1.4826,118,119,120,120,122,123,123,125,125,126,1.00000561625924,2106.37801857279,1941.24896245189,119,2022-01-20
"Independent by age, Reference: Week and day of week, Report: Day of week",2022-01-20,2021-12-27,60-79,DE,118,FALSE,1,121.853,122,2.12853384473071,1.4826,118,119,120,120,122,123,124,125,126,127,0.999347294324847,1910.7787247526,1455.18816636031,119,2022-01-20
"Reference: Fixed, Report: Fixed",2022-01-20,2021-12-28,60-79,DE,304,FALSE,6,315.9445,316,4.20776334721822,4.4478,309,310,312,313,316,319,319,321,323,326,0.999480297735144,2179.29099146446,1952.10809236324,311,2022-01-20
"Reference: Fixed, Report: Day of week",2022-01-20,2021-12-28,60-79,DE,304,FALSE,6,311.5145,311,2.97509921812346,2.9652,306,307,309,309,311,313,314,315,317,318,1.0006530160906,2062.83197522426,2001.28317662132,308,2022-01-20
"Reference: Age, Report: Day of week",2022-01-20,2021-12-28,60-79,DE,304,FALSE,6,311.0635,311,2.87429966240033,2.9652,306,307,309,309,311,313,313,315,316,317,0.999829460844222,1975.29978664141,1722.24684968218,308,2022-01-20
"Reference: Age and week, Report: Day of week",2022-01-20,2021-12-28,60-79,DE,304,FALSE,6,311.0285,311,2.86370182527302,2.9652,306,307,309,309,311,313,313,315,316,317,1.00081800897197,2081.24763013482,1937.09901351308,308,2022-01-20
"Reference: Age and week by age, Report: Day of week",2022-01-20,2021-12-28,60-79,DE,304,FALSE,6,311.539,312,7.56499131174474,2.9652,306,307,309,310,312,313.25,314,316,317,318,1.04196719063417,43.239872906323,1877.88525776787,308,2022-01-20
"Independent by age, Reference: Week, Report: Day of week",2022-01-20,2021-12-28,60-79,DE,304,FALSE,1,312.595,312,3.2860879761646,2.9652,307,308,310,310,312,315,315,317,318,320,1.00020990495897,1847.59213770961,1844.46302241803,309,2022-01-20
"Independent by age, Reference: Week and day of week, Report: Day of week",2022-01-20,2021-12-28,60-79,DE,304,FALSE,1,312.423,312,3.24412286551901,2.9652,307,308,310,310,312,314,315,317,318,320,1.00044100648807,2055.76569302008,1859.32084005517,308.9,2022-01-20
"Reference: Fixed, Report: Fixed",2022-01-20,2021-12-29,60-79,DE,367,FALSE,6,386.464,386,5.82654943677384,5.9304,376,378,382,382,386,390,391,394,397,399,1.000247012482,2148.3134675702,1854.02023111907,379,2022-01-20
"Reference: Fixed, Report: Day of week",2022-01-20,2021-12-29,60-79,DE,367,FALSE,6,379.1595,379,3.77043337481475,4.4478,373,373,376,377,379,382,382,384,386,387,1.00248248336632,2018.99941697522,2045.58354252271,375,2022-01-20
"Reference: Age, Report: Day of week",2022-01-20,2021-12-29,60-79,DE,367,FALSE,6,378.6445,378,3.79385244945084,2.9652,372,373,375,376,378,381,382,383.1,385,387,0.99970435348467,2129.22760230823,2076.07060538816,374,2022-01-20
"Reference: Age and week, Report: Day of week",2022-01-20,2021-12-29,60-79,DE,367,FALSE,6,378.674,378,3.69885993008538,2.9652,372,373,376,376,378,381,382,384,385,387,0.999600675685067,1746.94911277595,1855.16886128115,374,2022-01-20
"Reference: Age and week by age, Report: Day of week",2022-01-20,2021-12-29,60-79,DE,367,FALSE,6,379.073,379,9.28007170583465,4.4478,372,373,376,377,379,382,382,384,386,387,1.03474079456764,55.2000321876484,1552.05472595814,375,2022-01-20
"Independent by age, Reference: Week, Report: Day of week",2022-01-20,2021-12-29,60-79,DE,367,FALSE,1,380.805,380,4.20283319957523,4.4478,373,374,377,378,380,383,384,386,388,390,0.99967256765794,1914.48855574208,1889.88033681105,376,2022-01-20
"Independent by age, Reference: Week and day of week, Report: Day of week",2022-01-20,2021-12-29,60-79,DE,367,FALSE,1,379.649,379,3.926513434827,4.4478,373,374,376,377,379,382,383,385,386,388,0.99961774592067,1970.9468684502,1811.7531916738,375,2022-01-20
"Reference: Fixed, Report: Fixed",2022-01-20,2021-12-30,60-79,DE,312,FALSE,6,330.8815,330,5.66414150595655,5.9304,321,322,326,327,330,334,336,338,341,343,0.999256713743587,2372.75265379564,2040.53491159248,324,2022-01-20
"Reference: Fixed, Report: Day of week",2022-01-20,2021-12-30,60-79,DE,312,FALSE,6,324.345,324,3.83109823116406,4.4478,318,318.95,321,322,324,327,327,329,331,332,1.00003419693577,2039.63612927481,1930.03169834659,320,2022-01-20
"Reference: Age, Report: Day of week",2022-01-20,2021-12-30,60-79,DE,312,FALSE,6,323.797,324,3.73641156535155,4.4478,317,318,321,321,324,326,327,329,330.05,332,1.00028798531009,1842.56649173691,1923.22028541691,319,2022-01-20
"Reference: Age and week, Report: Day of week",2022-01-20,2021-12-30,60-79,DE,312,FALSE,6,323.676,323,3.83319327523968,4.4478,317,318,320,321,323,326,327,329,331,332,1.00052188577417,2027.2326173438,1932.7466231488,319,2022-01-20
"Reference: Age and week by age, Report: Day of week",2022-01-20,2021-12-30,60-79,DE,312,FALSE,6,323.53,323,8.09702914286902,4.4478,317,318,321,321,323,326,327,328,330,331,1.00189837518593,1748.46268687435,1838.79286045928,319,2022-01-20
"Independent by age, Reference: Week, Report: Day of week",2022-01-20,2021-12-30,60-79,DE,312,FALSE,1,326.1065,326,4.27940584745168,4.4478,319,320,322,323,326,329,330,332,334,335,1.00256796098115,1921.88798032728,2063.14846124216,321,2022-01-20
"Independent by age, Reference: Week and day of week, Report: Day of week",2022-01-20,2021-12-30,60-79,DE,312,FALSE,1,325.2265,325,4.06625933537093,4.4478,318,319,322,322,325,328,329,331,332,334,0.9998919028678,2082.49777581209,1862.68264302982,320,2022-01-20
"Reference: Fixed, Report: Fixed",2022-01-20,2021-12-31,60-79,DE,309,FALSE,6,332.9295,332,6.96022644215424,5.9304,321,323,327,328,332,337,338,342,346,348,1.00082656207144,1996.35555946852,1901.79300270665,325,2022-01-20
"Reference: Fixed, Report: Day of week",2022-01-20,2021-12-31,60-79,DE,309,FALSE,6,326.127,326,4.7199586867898,4.4478,318,319,322,323,326,329,330,332,334,336,1.00186861785458,2018.14159425456,1980.86575004736,320,2022-01-20
"Reference: Age, Report: Day of week",2022-01-20,2021-12-31,60-79,DE,309,FALSE,6,325.171,325,4.53927984715256,4.4478,317,318,321,322,325,328,329,331,333,335,1.00005797330952,2016.69009524729,2047.04047111454,320,2022-01-20
"Reference: Age and week, Report: Day of week",2022-01-20,2021-12-31,60-79,DE,309,FALSE,6,324.869,325,4.5047736339073,4.4478,317,318,321,322,325,328,328,331,333,334,1.00014144627688,2080.65964707946,1864.06299692002,319,2022-01-20
"Reference: Age and week by age, Report: Day of week",2022-01-20,2021-12-31,60-79,DE,309,FALSE,6,325.128,325,8.46489475549524,4.4478,317,319,322,322,325,328,329,331,333,335,1.02291084318024,245.637779038989,1694.13851860531,320,2022-01-20
"Independent by age, Reference: Week, Report: Day of week",2022-01-20,2021-12-31,60-79,DE,309,FALSE,1,329.543,329,5.59453308151807,5.9304,319,321,325,326,329,333,334,337,339,341,1.00113690928271,1937.58465566615,1639.61118991382,323,2022-01-20
"Independent by age, Reference: Week and day of week, Report: Day of week",2022-01-20,2021-12-31,60-79,DE,309,FALSE,1,329.2385,329,5.38117982399298,5.9304,320,321,325,325,329,333,334,336,339,341,1.00125155919928,2055.5357333876,1828.91191377801,323,2022-01-20
"Reference: Fixed, Report: Fixed",2022-01-20,2022-01-01,60-79,DE,168,FALSE,6,182.991,183,4.93204638469372,4.4478,174,176,179,180,183,186,187,190,192,194,1.00056385884469,2270.52543811825,1960.54387752877,177,2022-01-20
"Reference: Fixed, Report: Day of week",2022-01-20,2022-01-01,60-79,DE,168,FALSE,6,179.121,179,3.56226105892395,2.9652,173,174,176,177,179,181,182,184,186,187,0.999653960165056,1909.57421559627,1741.7551111186,175,2022-01-20
"Reference: Age, Report: Day of week",2022-01-20,2022-01-01,60-79,DE,168,FALSE,6,178.4065,178,3.41439405947771,2.9652,172,173,175.8,176,178,181,181,183,184,186,0.999647872758485,2078.87247181832,1866.23112377282,174,2022-01-20
"Reference: Age and week, Report: Day of week",2022-01-20,2022-01-01,60-79,DE,168,FALSE,6,178.442,178,3.47587065904634,2.9652,172,173,175,176,178,181,181,183,184,186,0.999729470587099,2231.49902271402,2047.26499506213,174,2022-01-20
"Reference: Age and week by age, Report: Day of week",2022-01-20,2022-01-01,60-79,DE,168,FALSE,6,178.7185,179,5.38579252576306,2.9652,172,173,176,176,179,181,182,184,185,187,1.04333634540616,42.9696593223805,1502.45383035528,174,2022-01-20
"Independent by age, Reference: Week, Report: Day of week",2022-01-20,2022-01-01,60-79,DE,168,FALSE,1,181.3425,181,4.13566749422767,4.4478,174,175,178,178,181,184,185,187,189,190,0.999547297593319,1902.0726612848,1938.77204465334,176,2022-01-20
"Independent by age, Reference: Week and day of week, Report: Day of week",2022-01-20,2022-01-01,60-79,DE,168,FALSE,1,181.244,181,4.24729134176959,4.4478,174,175,178,178,181,184,185,187,189,190,0.999707616061435,1938.0375614929,1991.33683683989,176,2022-01-20
"Reference: Fixed, Report: Fixed",2022-01-20,2022-01-02,60-79,DE,82,FALSE,6,89.991,90,3.37247769494499,2.9652,84,85,87,88,90,92,93,94,96,98,0.999778280526533,2312.15618622786,1871.29254587429,86,2022-01-20
"Reference: Fixed, Report: Day of week",2022-01-20,2022-01-02,60-79,DE,82,FALSE,6,87.6285,87,2.50731550976991,2.9652,84,84,85,86,87,89,90,91,92,93,0.999384305851301,2019.93271712515,1893.89536441917,85,2022-01-20
"Reference: Age, Report: Day of week",2022-01-20,2022-01-02,60-79,DE,82,FALSE,6,87.313,87,2.4421328805991,2.9652,83,84,85,86,87,89,89,90,92,93,0.999884175996758,1983.57809804469,1929.14194794734,84,2022-01-20
"Reference: Age and week, Report: Day of week",2022-01-20,2022-01-02,60-79,DE,82,FALSE,6,87.3085,87,2.43829866919541,2.9652,83,84,85,86,87,89,89,91,92,93,1.0015019074025,1790.33365607698,1914.94873955559,84,2022-01-20
"Reference: Age and week by age, Report: Day of week",2022-01-20,2022-01-02,60-79,DE,82,FALSE,6,86.9445,87,3.06204307675479,2.9652,83,84,85,85,87,88,89,90,91,92,1.00338889881053,1965.98614927305,1975.52219686214,84,2022-01-20
"Independent by age, Reference: Week, Report: Day of week",2022-01-20,2022-01-02,60-79,DE,82,FALSE,1,89.0065,89,2.96358721393302,2.9652,84,85,86,87,89,91,91,93,94,95,0.999883574833405,1936.6594593641,1990.54265432887,85,2022-01-20
"Independent by age, Reference: Week and day of week, Report: Day of week",2022-01-20,2022-01-02,60-79,DE,82,FALSE,1,88.661,88,2.86481807298398,2.9652,84,84,86,87,88,90,91,92,94,95,1.00027568538854,1860.08779549124,1801.32356514612,85,2022-01-20
"Reference: Fixed, Report: Fixed",2022-01-20,2022-01-03,60-79,DE,95,FALSE,6,104.0675,104,3.6129586885602,2.9652,98,99,101,101,104,106,107,109,111,112,1.0002307849353,1969.97264389687,1665.98805946606,100,2022-01-20
"Reference: Fixed, Report: Day of week",2022-01-20,2022-01-03,60-79,DE,95,FALSE,6,101.397,101,2.72380259018071,2.9652,97,97,99,99,101,103,104,105,106,107,1.00073173622654,2213.76068519425,1964.21942043754,98,2022-01-20
"Reference: Age, Report: Day of week",2022-01-20,2022-01-03,60-79,DE,95,FALSE,6,101.1595,101,2.65039092135821,2.9652,97,97,99,99,101,103,103,105,106,107,0.999662321415862,2242.456758567,1842.0168992187,98,2022-01-20
"Reference: Age and week, Report: Day of week",2022-01-20,2022-01-03,60-79,DE,95,FALSE,6,101.2955,101,2.70033806454514,2.9652,97,97,99,99,101,103,104,105,106,107,1.00143317884334,2129.50181875849,1963.98914831052,98,2022-01-20
"Reference: Age and week by age, Report: Day of week",2022-01-20,2022-01-03,60-79,DE,95,FALSE,6,101.452,101,3.50939509416701,2.9652,97,97,99,100,101,103,104,105,106,107,1.01062028960143,1479.85409580738,1962.47695724089,98,2022-01-20
"Independent by age, Reference: Week, Report: Day of week",2022-01-20,2022-01-03,60-79,DE,95,FALSE,1,102.84,103,3.08239364379173,2.9652,98,98,100,101,103,105,105,107,108,110,1.00184128078774,1893.44365301513,2002.88992362771,99,2022-01-20
"Independent by age, Reference: Week and day of week, Report: Day of week",2022-01-20,2022-01-03,60-79,DE,95,FALSE,1,102.5865,102,2.99800129350838,2.9652,97,98,100,100,102,104,105,107,108,109,0.999834715318258,2117.4716154124,1883.29973153356,99,2022-01-20
"Reference: Fixed, Report: Fixed",2022-01-20,2022-01-04,60-79,DE,269,FALSE,6,290.75,290,6.37336723443365,5.9304,280,281,285,286,290,295,296,299,302,305,1.00014053766658,1905.31767182478,1877.61088233004,283,2022-01-20
"Reference: Fixed, Report: Day of week",2022-01-20,2022-01-04,60-79,DE,269,FALSE,6,284.5135,284,4.54126957079816,4.4478,276,278,281,281,284,287,288,290.1,292,294,0.999670930590717,2137.79936267064,1966.96166831594,279,2022-01-20
"Reference: Age, Report: Day of week",2022-01-20,2022-01-04,60-79,DE,269,FALSE,6,284.0495,284,4.45184896752066,4.4478,276,277,280,281,284,287,287,290,292,294,0.999689046836841,2103.39425695555,1706.87277210947,279,2022-01-20
"Reference: Age and week, Report: Day of week",2022-01-20,2022-01-04,60-79,DE,269,FALSE,6,284.185,284,4.37290934825821,4.4478,276,277,280,281,284,287,288,290,292,293,0.999240927996703,1987.33931148202,1838.87692073033,279,2022-01-20
"Reference: Age and week by age, Report: Day of week",2022-01-20,2022-01-04,60-79,DE,269,FALSE,6,285.12,285,7.81256155553539,4.4478,277,278,281,282,285,288,289,291,293,295,1.00325722972664,1507.35991710961,1852.50984517063,280,2022-01-20
"Independent by age, Reference: Week, Report: Day of week",2022-01-20,2022-01-04,60-79,DE,269,FALSE,1,287.555,287,5.20917870411313,4.4478,278,280,283,284,287,291,292,294,296,298,0.999832947133504,1947.16680392179,1822.47409807313,281,2022-01-20
"Independent by age, Reference: Week and day of week, Report: Day of week",2022-01-20,2022-01-04,60-79,DE,269,FALSE,1,287.4005,287,5.18512704967396,4.4478,278,280,283,284,287,290,292,295,296,298,1.0001611484071,2010.31728748773,1921.09532447484,281,2022-01-20
"Reference: Fixed, Report: Fixed",2022-01-20,2022-01-05,60-79,DE,306,FALSE,6,338.5895,337.5,8.89182332320011,8.1543,324,326,331,332,337.5,344,346,350,355,359,0.99956116323789,2303.89262062339,1967.16516710472,328,2022-01-20
"Reference: Fixed, Report: Day of week",2022-01-20,2022-01-05,60-79,DE,306,FALSE,6,329.644,329,5.65156917298714,5.9304,319,321,325,326,329,333,334.2,337,339,341,1.00027714567006,2165.60195289969,1978.7038172591,322,2022-01-20
"Reference: Age, Report: Day of week",2022-01-20,2022-01-05,60-79,DE,306,FALSE,6,329.0175,329,5.5765350013526,5.9304,319,320,324,325,329,332,333,336,339,341,1.00044632942882,2055.71309804825,1670.48586900587,322,2022-01-20
"Reference: Age and week, Report: Day of week",2022-01-20,2022-01-05,60-79,DE,306,FALSE,6,329.122,329,5.56440448733279,5.9304,319,321,324,325,329,333,334,336,339,341,0.999921352144577,1805.53320348707,1911.96801618105,322,2022-01-20
"Reference: Age and week by age, Report: Day of week",2022-01-20,2022-01-05,60-79,DE,306,FALSE,6,331.353,331,9.38788885898285,5.9304,321,323,327,328,331,335,336,339,341,343,1.00696205395535,1649.45030147619,1726.68887608696,324,2022-01-20
"Independent by age, Reference: Week, Report: Day of week",2022-01-20,2022-01-05,60-79,DE,306,FALSE,1,334.0355,334,6.65825847748317,5.9304,322,324,328,329,334,338,339,343,346,348,0.999654690360838,1846.80015367361,1808.82902546143,326,2022-01-20
"Independent by age, Reference: Week and day of week, Report: Day of week",2022-01-20,2022-01-05,60-79,DE,306,FALSE,1,333.7815,333,6.56233875191974,5.9304,322,323,328,329,333,338,339,342,345,348,0.999981100369136,1961.16787089104,2000.71333487178,326,2022-01-20
"Reference: Fixed, Report: Fixed",2022-01-20,2022-01-06,60-79,DE,270,FALSE,6,304.378,304,9.11156552482374,8.8956,289,291,297,298,304,310,312,317,320,323,0.999636081136509,2138.10811293639,1940.66851542271,293,2022-01-20
"Reference: Fixed, Report: Day of week",2022-01-20,2022-01-06,60-79,DE,270,FALSE,6,295.9325,296,6.25287877673142,5.9304,285,287,290,291,296,300,301,304,307,309,1.00152229361893,2234.07980905308,1807.78353204864,288,2022-01-20
"Reference: Age, Report: Day of week",2022-01-20,2022-01-06,60-79,DE,270,FALSE,6,295.396,295,5.97051149431536,5.9304,284,286,290,291,295,299,300,303,306,308,0.999981052906659,2299.7878686488,1956.0087866898,288,2022-01-20
"Reference: Age and week, Report: Day of week",2022-01-20,2022-01-06,60-79,DE,270,FALSE,6,295.1165,295,6.06484285941975,5.9304,284,286,290,291,295,299,300,303,306,308,0.999671960397196,1948.09339228216,1964.96979229538,287,2022-01-20
"Reference: Age and week by age, Report: Day of week",2022-01-20,2022-01-06,60-79,DE,270,FALSE,6,297.048,297,9.10769845161459,5.9304,286,287,292,293,297,301,302,305,307,310,1.01217896688656,1640.3018347197,1443.0246309941,289,2022-01-20
"Independent by age, Reference: Week, Report: Day of week",2022-01-20,2022-01-06,60-79,DE,270,FALSE,1,300.3015,300,6.99600384397353,7.413,288,289,294,295,300,305,306,310,312,315,0.999892924770338,1897.65508604637,1921.22961868394,292,2022-01-20
"Independent by age, Reference: Week and day of week, Report: Day of week",2022-01-20,2022-01-06,60-79,DE,270,FALSE,1,299.5065,299,6.86429289938186,5.9304,288,289,294,295,299,304,305,309,312,315,1.00039412411182,2047.83329737513,1766.10413318049,291,2022-01-20
"Reference: Fixed, Report: Fixed",2022-01-20,2022-01-07,60-79,DE,172,FALSE,6,198.543,198,7.43153852727961,7.413,185,188,192,193,198,203,204,208,212,215,0.999601805922792,2258.28918093252,2072.22556673471,190,2022-01-20
"Reference: Fixed, Report: Day of week",2022-01-20,2022-01-07,60-79,DE,172,FALSE,6,192.472,192,5.2011289035108,4.4478,183,184,188,189,192,196,197,199,201,203,0.999770234060522,2337.77829586898,1898.33376507315,186,2022-01-20
"Reference: Age, Report: Day of week",2022-01-20,2022-01-07,60-79,DE,172,FALSE,6,192.135,192,5.24266323149594,5.9304,183,184,188,188,192,196,197,199,201,203,1.00226037171649,2101.91636401069,1987.07335608238,185.9,2022-01-20
"Reference: Age and week, Report: Day of week",2022-01-20,2022-01-07,60-79,DE,172,FALSE,6,192.031,192,5.29519202005599,5.9304,183,184,187,188,192,196,197,199,201,203,1.0006599447323,1882.02465615208,1943.62659714873,185,2022-01-20
"Reference: Age and week by age, Report: Day of week",2022-01-20,2022-01-07,60-79,DE,172,FALSE,6,193.9135,194,7.22904885331825,5.9304,183,185,189,190,194,198,199,202,204,206,1.11140912868023,12.608490028291,926.133148967029,187,2022-01-20
"Independent by age, Reference: Week, Report: Day of week",2022-01-20,2022-01-07,60-79,DE,172,FALSE,1,196.297,196,6.12450371645625,5.9304,186,187,191,192,196,200,201,204,207,209.025,1.00145679100685,2147.53865101604,1995.63382704746,189,2022-01-20
"Independent by age, Reference: Week and day of week, Report: Day of week",2022-01-20,2022-01-07,60-79,DE,172,FALSE,1,196.1375,196,6.05837814294069,5.9304,185,187,191,192,196,200,201,204,207,209,1.00079333690225,2058.04963409372,1937.73906846994,189,2022-01-20
"Reference: Fixed, Report: Fixed",2022-01-20,2022-01-08,60-79,DE,169,FALSE,6,194.759,194,7.33258497401841,7.413,182,184,189,190,194,199,201,204.1,208,211,0.999597818531939,2119.79529320026,1809.42005640008,186,2022-01-20
"Reference: Fixed, Report: Day of week",2022-01-20,2022-01-08,60-79,DE,169,FALSE,6,190.9465,191,5.70016523373191,5.9304,181,182,186,187,191,195,196,198,201,203,1.00009173284356,2179.56495980877,1967.4081710759,184,2022-01-20
"Reference: Age, Report: Day of week",2022-01-20,2022-01-08,60-79,DE,169,FALSE,6,190.484,190,5.54545940928522,5.9304,181,182,186,187,190,194,195,198,200,202,1.00026709202154,2112.42254885082,2078.61715145616,184,2022-01-20
"Reference: Age and week, Report: Day of week",2022-01-20,2022-01-08,60-79,DE,169,FALSE,6,190.295,190,5.44038361578882,5.9304,181,182,186,187,190,194,195,197,200,202,0.999667573132067,2035.09068609653,1953.48021058357,184,2022-01-20
"Reference: Age and week by age, Report: Day of week",2022-01-20,2022-01-08,60-79,DE,169,FALSE,6,191.844,192,8.7581400141956,8.8956,179,180,185,186,192,197,199,202,205,207,1.43439178225791,4.11741071878347,42.0683401985007,182,2022-01-20
"Independent by age, Reference: Week, Report: Day of week",2022-01-20,2022-01-08,60-79,DE,169,FALSE,1,193.3385,193,6.28463730719932,5.9304,182,183.95,188,189,193,198,199,202,204,207,1.0008271592153,1639.71288871795,1790.513207824,186,2022-01-20
"Independent by age, Reference: Week and day of week, Report: Day of week",2022-01-20,2022-01-08,60-79,DE,169,FALSE,1,192.9455,192,6.26834713763676,5.9304,182,184,188,188.75,192,197,198,201,204,206,1.00059924371444,1989.27077259635,1607.49428420411,185,2022-01-20
"Reference: Fixed, Report: Fixed",2022-01-20,2022-01-09,60-79,DE,98,FALSE,6,117.2395,117,6.25545402848996,5.9304,107,108,112,113,117,121,122,125,128,131,0.999839406179286,2278.04051273583,1972.40831992385,110,2022-01-20
"Reference: Fixed, Report: Day of week",2022-01-20,2022-01-09,60-79,DE,98,FALSE,6,114.806,115,4.77522411858243,4.4478,107,108,111,111,115,118,119,121,123,125,1.0010295746809,1911.25965291902,1809.09303695954,109,2022-01-20
"Reference: Age, Report: Day of week",2022-01-20,2022-01-09,60-79,DE,98,FALSE,6,114.3685,114,4.69145101288537,4.4478,106,107,110,111,114,117,118,121,122,124,1.00227361219717,1860.05356462201,1864.90875645458,108,2022-01-20
"Reference: Age and week, Report: Day of week",2022-01-20,2022-01-09,60-79,DE,98,FALSE,6,114.463,114,4.78205656935552,4.4478,106,107,111,111,114,117,118,121,123,125,1.00036877221016,2616.86412541921,1957.71841509822,108.9,2022-01-20
"Reference: Age and week by age, Report: Day of week",2022-01-20,2022-01-09,60-79,DE,98,FALSE,6,113.408,113,5.2315600551179,4.4478,105,106,109,110,113,116,117,119.1,121,123,1.03214218849577,113.311863475011,871.919849487428,108,2022-01-20
"Independent by age, Reference: Week, Report: Day of week",2022-01-20,2022-01-09,60-79,DE,98,FALSE,1,116.5745,116,5.56308580842107,5.9304,107,108,112,113,116,120,121,124,126,129,0.999934452484092,2004.9339123308,1751.29595594298,110,2022-01-20
"Independent by age, Reference: Week and day of week, Report: Day of week",2022-01-20,2022-01-09,60-79,DE,98,FALSE,1,115.297,115,5.15481105749951,5.1891,107,108,111,112,115,119,120,122,124.05,126,1.00306803017432,2028.86750771523,1957.58478880815,109,2022-01-20
"Reference: Fixed, Report: Fixed",2022-01-20,2022-01-10,60-79,DE,68,FALSE,6,84.752,84,5.77088793633934,5.9304,75,76,80,81,84,88,89,92,95,98,0.999616158624318,2287.70918225868,1995.551541691,78,2022-01-20
"Reference: Fixed, Report: Day of week",2022-01-20,2022-01-10,60-79,DE,68,FALSE,6,80.863,81,4.15353547336052,4.4478,74,75,77,78,81,83,84,86,88,90,0.999752466486996,2054.332914069,1737.85754097309,76,2022-01-20
"Reference: Age, Report: Day of week",2022-01-20,2022-01-10,60-79,DE,68,FALSE,6,80.5535,80,4.02358451709208,4.4478,74,75,77,78,80,83,84,86,88,89,0.999505872333924,2097.5568885471,1981.53202720109,76,2022-01-20
"Reference: Age and week, Report: Day of week",2022-01-20,2022-01-10,60-79,DE,68,FALSE,6,80.648,80,4.16242223704416,4.4478,73,74,77,78,80,83,84,86,88,89,1.00035998940094,2178.12356761113,1903.27242666148,75,2022-01-20
"Reference: Age and week by age, Report: Day of week",2022-01-20,2022-01-10,60-79,DE,68,FALSE,6,78.958,79,4.0589991053052,2.9652,73,73,76,76,79,81,82,84,85,87,1.01064176025683,1506.46573730602,1684.73739476144,75,2022-01-20
"Independent by age, Reference: Week, Report: Day of week",2022-01-20,2022-01-10,60-79,DE,68,FALSE,1,82.051,82,4.56342101999178,4.4478,74,75,78,79,82,85,86,88,90,92,1.00040311037771,2136.28655664561,1902.96432183192,77,2022-01-20
"Independent by age, Reference: Week and day of week, Report: Day of week",2022-01-20,2022-01-10,60-79,DE,68,FALSE,1,80.9415,81,4.24453599264943,4.4478,74,75,77,78,81,84,84,86,88,90,1.00037913425965,2183.42376274208,1910.02671101315,76,2022-01-20
"Reference: Fixed, Report: Fixed",2022-01-20,2022-01-11,60-79,DE,193,FALSE,6,227.9015,227,9.72080473892909,8.8956,211,214,220,221,227,234,236,240,245,249.025,1.00134342138514,2692.59491413151,1995.91540988246,216,2022-01-20
"Reference: Fixed, Report: Day of week",2022-01-20,2022-01-11,60-79,DE,193,FALSE,6,221.342,221,6.63604208299372,5.9304,209,211,216,217,221,225,227,230,233,236,1.0005254599491,2139.45090553847,1794.34420097187,213,2022-01-20
"Reference: Age, Report: Day of week",2022-01-20,2022-01-11,60-79,DE,193,FALSE,6,220.342,220,6.47325169399019,5.9304,209,210,215,216,220,224,226,229,231.05,234,0.999903542497599,2019.13468430503,1968.99198100666,212,2022-01-20
"Reference: Age and week, Report: Day of week",2022-01-20,2022-01-11,60-79,DE,193,FALSE,6,220.4395,220,6.6377985759563,5.9304,209,210,215,216,220,225,226,229,232,235,1.00170703829845,2243.35700246504,1987.49721770165,212,2022-01-20
"Reference: Age and week by age, Report: Day of week",2022-01-20,2022-01-11,60-79,DE,193,FALSE,6,222.7245,223,9.19722209132184,7.413,209,211,216,217,223,228,229,233,236,239,1.22030609675819,6.59984319021458,45.1212270676722,213,2022-01-20
"Independent by age, Reference: Week, Report: Day of week",2022-01-20,2022-01-11,60-79,DE,193,FALSE,1,223.637,223,7.39605177043099,7.413,210,212,217,218,223,228,230,233,236,239,0.999583290401212,2184.40723824066,2011.34282515751,214,2022-01-20
"Independent by age, Reference: Week and day of week, Report: Day of week",2022-01-20,2022-01-11,60-79,DE,193,FALSE,1,222.3395,222,7.28826448131342,7.413,209,211,216,217,222,227,229,232,235,237,0.999416956348576,2077.29192609365,1791.94400863643,213,2022-01-20
"Reference: Fixed, Report: Fixed",2022-01-20,2022-01-12,60-79,DE,161,FALSE,6,201.076,200,11.4791162140004,10.3782,182,184,191,193,200,208,210,216,222,227.025,1.00090247898496,2414.35054988945,1641.8973065686,187,2022-01-20
"Reference: Fixed, Report: Day of week",2022-01-20,2022-01-12,60-79,DE,161,FALSE,6,193.664,193,7.48713113056551,7.413,180,182,187,189,193,198,200,203,207,209,1.00118057156034,1784.90772265092,2002.52526219544,184,2022-01-20
"Reference: Age, Report: Day of week",2022-01-20,2022-01-12,60-79,DE,161,FALSE,6,192.4665,192,7.22350103714375,7.413,180,182,186,187,192,197,198,202,205,208,0.999613036218858,2052.42411022397,2022.14657502035,184,2022-01-20
"Reference: Age and week, Report: Day of week",2022-01-20,2022-01-12,60-79,DE,161,FALSE,6,192.3655,192,7.21047191261441,7.413,180,181,186,187,192,197,198,202,205,208,0.999968905414339,2054.37706171069,2037.88199716088,183,2022-01-20
"Reference: Age and week by age, Report: Day of week",2022-01-20,2022-01-12,60-79,DE,161,FALSE,6,197.321,197,9.87713206699872,8.8956,180,183,190,191,197,204,205,209,212,215,1.17897959966347,8.01792927089308,45.2939272696748,186,2022-01-20
"Independent by age, Reference: Week, Report: Day of week",2022-01-20,2022-01-12,60-79,DE,161,FALSE,1,195.5185,195,7.99610070992616,7.413,181,183.95,189,190,195,200,202,206,209.05,212,0.999597610923887,2284.2105364218,2032.16901756796,186,2022-01-20
"Independent by age, Reference: Week and day of week, Report: Day of week",2022-01-20,2022-01-12,60-79,DE,161,FALSE,1,196.468,196,8.59697213936293,8.8956,181,183,189,190,196,202,203,208,211.05,214,1.00261479346248,2099.94707197702,2008.35936301878,186,2022-01-20
"Reference: Fixed, Report: Fixed",2022-01-20,2022-01-13,60-79,DE,149,FALSE,6,192.886,191,12.6705278160607,11.8608,172,174.95,182,184,191,201,203,210,216,220,1.00014961316845,2280.03980419124,1623.36432767548,178,2022-01-20
"Reference: Fixed, Report: Day of week",2022-01-20,2022-01-13,60-79,DE,149,FALSE,6,186.521,186,8.61502573032531,8.8956,171,173,179,180.75,186,192,193,198,201,205,1.00284623635818,1900.38772646184,1766.41260442579,176,2022-01-20
"Reference: Age, Report: Day of week",2022-01-20,2022-01-13,60-79,DE,149,FALSE,6,185.483,185,7.99203649413977,7.413,171,173,179,180,185,191,192,196,199,201,1.00012310506281,2266.23188695055,1770.93354763385,176,2022-01-20
"Reference: Age and week, Report: Day of week",2022-01-20,2022-01-13,60-79,DE,149,FALSE,6,185.2755,185,8.14271156469471,7.413,171,173,178,179,185,190,192,196,200,203,1.00032733309496,1892.02602185824,1946.31325939208,175,2022-01-20
"Reference: Age and week by age, Report: Day of week",2022-01-20,2022-01-13,60-79,DE,149,FALSE,6,187.379,187,9.63082215429627,8.8956,170,173,180,182,187,193,194,199,202,205,1.10554387030902,15.1346990688196,55.8504319206954,177,2022-01-20
"Independent by age, Reference: Week, Report: Day of week",2022-01-20,2022-01-13,60-79,DE,149,FALSE,1,189.475,189,9.34735585771535,8.8956,172.975,175,182,183,189,195,197,202,206,209,0.999065653447916,2165.05398500506,1916.85652959933,178,2022-01-20
"Independent by age, Reference: Week and day of week, Report: Day of week",2022-01-20,2022-01-13,60-79,DE,149,FALSE,1,188.621,188,9.18131293735416,8.8956,172.975,174,181,182,188,194,196,201,205,208,1.00272677309089,2008.83416638703,1918.83855583403,177,2022-01-20
"Reference: Fixed, Report: Fixed",2022-01-20,2022-01-14,60-79,DE,139,FALSE,6,192.624,191,15.0446600126905,14.826,168,171,180,182,191,202,205,212,219.05,226.025,0.999330199111926,2531.6115207837,1881.98845351414,175,2022-01-20
"Reference: Fixed, Report: Day of week",2022-01-20,2022-01-14,60-79,DE,139,FALSE,6,185.1305,185,9.759923042673,10.3782,168,170,177,178,185,192,193,198,202,206,1.00016229964164,1848.26138996722,1756.44310476024,173,2022-01-20
"Reference: Age, Report: Day of week",2022-01-20,2022-01-14,60-79,DE,139,FALSE,6,183.7945,183,9.48832355539934,8.8956,167,169,176,177,183,190,192,196,200,204,1.0005763429564,2135.05311574233,1977.67020381018,172,2022-01-20
"Reference: Age and week, Report: Day of week",2022-01-20,2022-01-14,60-79,DE,139,FALSE,6,183.6715,183,9.81706550541295,8.8956,166,169,175,177,183,190,192,197,201,204,1.00087482325704,2160.14829738432,1810.33569500307,171,2022-01-20
"Reference: Age and week by age, Report: Day of week",2022-01-20,2022-01-14,60-79,DE,139,FALSE,6,185.2795,185,10.6562731679004,10.3782,166,169,177,179,185,192,194,198,201.05,205,1.06254146633153,28.7252058862038,172.893381332486,173,2022-01-20
"Independent by age, Reference: Week, Report: Day of week",2022-01-20,2022-01-14,60-79,DE,139,FALSE,1,188.8295,188,10.5100742423777,10.3782,170.975,173,180,181.75,188,195,197,203,207,211,0.999832817510695,2147.5459598062,1777.49597865442,176,2022-01-20
"Independent by age, Reference: Week and day of week, Report: Day of week",2022-01-20,2022-01-14,60-79,DE,139,FALSE,1,189.802,189,11.0794933813236,11.8608,170,173,180,182,189,197,199,204,209,214,1.00105354522557,2152.61598765465,1995.56707393627,176,2022-01-20
"Reference: Fixed, Report: Fixed",2022-01-20,2022-01-15,60-79,DE,138,FALSE,6,200.583,199,17.4010203365888,16.3086,172,175,186,188,199,211,214,224,232,240.025,1.00142034975495,2471.23575373732,1793.60988888912,180,2022-01-20
"Reference: Fixed, Report: Day of week",2022-01-20,2022-01-15,60-79,DE,138,FALSE,6,198.53,197,12.5082903973458,11.8608,177,180,188,190,197,206,208,215,221,226,0.999319032995385,2378.54885852834,1969.47200072799,184,2022-01-20
"Reference: Age, Report: Day of week",2022-01-20,2022-01-15,60-79,DE,138,FALSE,6,194.217,194,11.8373549615716,11.8608,174,176.95,184,186,194,202,204,210,215,220,1.00060910997549,2274.34054820905,1754.92000482673,179,2022-01-20
"Reference: Age and week, Report: Day of week",2022-01-20,2022-01-15,60-79,DE,138,FALSE,6,194.929,194,11.6730068338998,11.8608,175,177,185,187,194,203,205,210,215,220,0.99998917139666,2258.01233135446,1906.66906358378,181,2022-01-20
"Reference: Age and week by age, Report: Day of week",2022-01-20,2022-01-15,60-79,DE,138,FALSE,6,181.2675,181,12.2794680836838,10.3782,159,163,172,174,181,188,190,195,200,207,1.0933478556917,415.284345506692,65.3646084698881,167,2022-01-20
"Independent by age, Reference: Week, Report: Day of week",2022-01-20,2022-01-15,60-79,DE,138,FALSE,1,200.503,199,14.3853557561193,14.826,176,179,188,190,199,210,212,219,226,232,1.0000760009113,2144.15095708958,1521.10349661888,183,2022-01-20
"Independent by age, Reference: Week and day of week, Report: Day of week",2022-01-20,2022-01-15,60-79,DE,138,FALSE,1,201.943,201,14.9798180387559,14.826,175.975,179,189,191,201,211,214,221,229,234,1.00004572311474,2065.71599132798,1757.66159966855,184,2022-01-20
"Reference: Fixed, Report: Fixed",2022-01-20,2022-01-16,60-79,DE,73,FALSE,6,123.558,121,15.9883848535464,14.826,99,101,110.8,113,121,133,136,145,152,160.025,1.00123507355315,2364.5605643535,1816.9273574366,105,2022-01-20
"Reference: Fixed, Report: Day of week",2022-01-20,2022-01-16,60-79,DE,73,FALSE,6,119.8,119,10.613732880699,10.3782,102,104,111,112,119,126,128,134,139,142,0.999989537873088,1998.65482499351,1612.72139598858,107,2022-01-20
"Reference: Age, Report: Day of week",2022-01-20,2022-01-16,60-79,DE,73,FALSE,6,116.948,116,10.5567048840538,10.3782,98,101,108,110,116,123,126,131,136,140,0.999596819856612,2292.29782734447,1729.19516103151,104,2022-01-20
"Reference: Age and week, Report: Day of week",2022-01-20,2022-01-16,60-79,DE,73,FALSE,6,117.711,117,10.8826327167383,10.3782,99,102,109,110,117,124,126,132,137,141,0.999164462684762,2221.40302094422,1854.73445066781,105,2022-01-20
"Reference: Age and week by age, Report: Day of week",2022-01-20,2022-01-16,60-79,DE,73,FALSE,6,114.3165,114,10.2677671024734,8.8956,96,98,106,108,114,120,122,127,131,136,1.04170857295959,909.589179763761,426.540157383963,102,2022-01-20
"Independent by age, Reference: Week, Report: Day of week",2022-01-20,2022-01-16,60-79,DE,73,FALSE,1,120.856,120,12.0145094872454,11.8608,99,102,111,113,120,128,131,137,142,147,1.00052824185857,2160.47270168955,2080.62971748479,106,2022-01-20
"Independent by age, Reference: Week and day of week, Report: Day of week",2022-01-20,2022-01-16,60-79,DE,73,FALSE,1,116.412,116,10.5311304404692,10.3782,98,100,107,109,116,123,125,130,135,139.025,0.999560265110046,2105.58267356793,1790.59344686031,104,2022-01-20
"Reference: Fixed, Report: Fixed",2022-01-20,2022-01-17,60-79,DE,48,FALSE,6,102.5125,100,18.8987678292192,17.7912,74,77,87,89,100,113,116,126.1,136,147,0.999644064869509,2528.50647620909,1819.96313613689,81,2022-01-20
"Reference: Fixed, Report: Day of week",2022-01-20,2022-01-17,60-79,DE,48,FALSE,6,87.7255,87,10.3498651974218,10.3782,70,72,79,80,87,94,96,101.1,106,110,0.999563656003603,2277.56289478457,1860.42318472146,75,2022-01-20
"Reference: Age, Report: Day of week",2022-01-20,2022-01-17,60-79,DE,48,FALSE,6,84.682,84,9.69850021669467,8.8956,68,70,76,78,84,91,93,98,102,105,0.9999869163107,2227.37577492939,1826.79475866757,73,2022-01-20
"Reference: Age and week, Report: Day of week",2022-01-20,2022-01-17,60-79,DE,48,FALSE,6,84.554,83,9.85477763935648,8.8956,68,70,76,78,83,90,92,98,102.05,107,0.999896366570018,2014.86452944914,1786.60370084392,73,2022-01-20
"Reference: Age and week by age, Report: Day of week",2022-01-20,2022-01-17,60-79,DE,48,FALSE,6,90.6165,92,13.3541976564496,14.826,66,69,78,80,92,100,102,107,111,114,1.34738008819938,4.74423105455525,44.411902692479,72,2022-01-20
"Independent by age, Reference: Week, Report: Day of week",2022-01-20,2022-01-17,60-79,DE,48,FALSE,1,87.194,86,10.9182859682389,10.3782,68,71,78,79,86,94,96,101,106,111,1.00022762103839,1806.11382048476,1811.49751792612,74,2022-01-20
"Independent by age, Reference: Week and day of week, Report: Day of week",2022-01-20,2022-01-17,60-79,DE,48,FALSE,1,80.8385,80,8.59856880199963,8.8956,66,68,73,75,80,86,87,92,96,99,0.999438370859051,2279.11330244741,1879.98668693523,70,2022-01-20
"Reference: Fixed, Report: Fixed",2022-01-20,2022-01-18,60-79,DE,138,FALSE,6,252.525,247,36.9694163312316,34.0998,196,203,221,226,247,273,279,301,320.05,343,1.00035881628816,2705.88898862529,1925.54235928189,211,2022-01-20
"Reference: Fixed, Report: Day of week",2022-01-20,2022-01-18,60-79,DE,138,FALSE,6,222.3645,221,17.4798859537606,17.7912,191,196,208,210,221,234,237,246,253,259,0.999569198406057,2085.69262405931,1826.51960371732,201,2022-01-20
"Reference: Age, Report: Day of week",2022-01-20,2022-01-18,60-79,DE,138,FALSE,6,217.1835,216,17.76853083668,16.3086,187,191,202,205,216,228,231,241,249,256,1.00074263646499,2135.47633080732,1791.37650985723,196,2022-01-20
"Reference: Age and week, Report: Day of week",2022-01-20,2022-01-18,60-79,DE,138,FALSE,6,215.7065,214,18.0736461759393,16.3086,185,189,201,204,214,226,230,239,247,257,0.99997886479591,2490.47117392482,1873.15845390148,194,2022-01-20
"Reference: Age and week by age, Report: Day of week",2022-01-20,2022-01-18,60-79,DE,138,FALSE,6,158.1275,152,16.9380841034796,8.8956,142,143,146,147,152,165,168,180,190,190,1.59402841314919,3.39714862270083,40.5032569980504,144,2022-01-20
"Independent by age, Reference: Week, Report: Day of week",2022-01-20,2022-01-18,60-79,DE,138,FALSE,1,221.3515,219,20.8160899919095,20.7564,185,191,203,207,219,235,238,248,258,266.025,1.00269363653139,1816.23208509647,1663.04990381149,196,2022-01-20
"Independent by age, Reference: Week and day of week, Report: Day of week",2022-01-20,2022-01-18,60-79,DE,138,FALSE,1,218.9035,217,18.7398179857508,17.7912,188,191,203,206,217,230,233,243,251,261,0.999458464842209,2607.92763397697,1905.89894388698,197,2022-01-20
"Reference: Fixed, Report: Fixed",2022-01-20,2022-01-19,60-79,DE,116,FALSE,6,289.934,278,63.1674180678036,56.3388,198,208,237,246,278,325,337.2,374,409,431,1.00004095469374,2501.10818972666,1815.76651750432,222,2022-01-20
"Reference: Fixed, Report: Day of week",2022-01-20,2022-01-19,60-79,DE,116,FALSE,6,238.2585,236,27.5872108929559,25.2042,190.975,198,215,219,236,254,260,276,288,299,0.999518120684604,2461.29466118527,1784.8841762041,205,2022-01-20
"Reference: Age, Report: Day of week",2022-01-20,2022-01-19,60-79,DE,116,FALSE,6,230.071,226,27.6661646661345,26.6868,186,191,206,210,226,247,252,268,281,290,0.999978692793037,2473.53861922983,1955.62949540861,198,2022-01-20
"Reference: Age and week, Report: Day of week",2022-01-20,2022-01-19,60-79,DE,116,FALSE,6,231.9625,229,27.6585355911249,26.6868,185,192,208,212,229,248.25,254,269,282,293.025,1.00029475799824,2269.46000410825,1826.19104812267,200,2022-01-20
"Reference: Age and week by age, Report: Day of week",2022-01-20,2022-01-19,60-79,DE,116,FALSE,6,143.5735,128,32.1252021325318,11.8608,118,119,122,123,128,157,160,160,160,160,1.64242430379073,3.33435466845679,54.2359363008912,120,2022-01-20
"Independent by age, Reference: Week, Report: Day of week",2022-01-20,2022-01-19,60-79,DE,116,FALSE,1,234.5735,232,29.8883464644197,29.652,183,190,209,213,232,253,259,274,289,299,0.999726419917402,1902.14092314366,1908.42610459073,199,2022-01-20
"Independent by age, Reference: Week and day of week, Report: Day of week",2022-01-20,2022-01-19,60-79,DE,116,FALSE,1,264.8025,262,39.712958253908,38.5476,199,206,231.8,237,262,288,295,313,332.05,349.025,0.999487283960191,2096.53357716558,1885.73323747064,217,2022-01-20
"Reference: Fixed, Report: Fixed",2022-01-20,2022-01-20,60-79,DE,63,FALSE,6,306.76,283,119.193455944402,93.4038,150,167,215,225.75,283,360,382.2,450,530.05,603.099999999999,1.001398934478,3104.67532311169,2004.23099524024,187,2022-01-20
"Reference: Fixed, Report: Day of week",2022-01-20,2022-01-20,60-79,DE,63,FALSE,6,226.2825,219,50.2943282436175,42.9954,151,161,186,191,219,252,263,294,324,349,0.999986449317979,2270.93170982681,1798.18237095893,171,2022-01-20
"Reference: Age, Report: Day of week",2022-01-20,2022-01-20,60-79,DE,63,FALSE,6,214.8805,208,46.4524287181726,43.7367,144.975,151,176,182,208,242,250,274,301,325,0.99952219098695,3439.43002530985,1733.74501611024,162,2022-01-20
"Reference: Age and week, Report: Day of week",2022-01-20,2022-01-20,60-79,DE,63,FALSE,6,217.9585,211,48.173209430174,42.9954,143,153,178,184,211,244,254,284,305,329.025,0.999479584271316,2624.2233447231,1789.76731884916,164,2022-01-20
"Reference: Age and week by age, Report: Day of week",2022-01-20,2022-01-20,60-79,DE,63,FALSE,6,130.8325,117,42.3770143996095,22.239,87,91,102,104,117,142,146.25,146.25,146.25,146.25,1.2133700859191,15.0476471087694,175.736573043186,96,2022-01-20
"Independent by age, Reference: Week, Report: Day of week",2022-01-20,2022-01-20,60-79,DE,63,FALSE,1,222.541,216,49.1950952605933,47.4432,146,155.95,181,187,216,250,257,288.1,316,334,1.00063288917578,2121.49544641687,1655.24523976242,167.9,2022-01-20
"Independent by age, Reference: Week and day of week, Report: Day of week",2022-01-20,2022-01-20,60-79,DE,63,FALSE,1,249.441,240,59.4950111116351,53.3736,157.975,167,201,209,240,282,292,326,354,391,0.999815261958155,2891.22093865633,1965.52949865526,183,2022-01-20
"Reference: Fixed, Report: Fixed",2022-01-20,2021-12-12,80+,DE,267,FALSE,7,267,267,0,0,267,267,267,267,267,267,267,267,267,267,,,,267,2022-01-20
"Reference: Fixed, Report: Day of week",2022-01-20,2021-12-12,80+,DE,267,FALSE,7,267,267,0,0,267,267,267,267,267,267,267,267,267,267,,,,267,2022-01-20
"Reference: Age, Report: Day of week",2022-01-20,2021-12-12,80+,DE,267,FALSE,7,267,267,0,0,267,267,267,267,267,267,267,267,267,267,,,,267,2022-01-20
"Reference: Age and week, Report: Day of week",2022-01-20,2021-12-12,80+,DE,267,FALSE,7,267,267,0,0,267,267,267,267,267,267,267,267,267,267,,,,267,2022-01-20
"Reference: Age and week by age, Report: Day of week",2022-01-20,2021-12-12,80+,DE,267,FALSE,7,266.8665,267,5.97030149992444,0,267,267,267,267,267,267,267,267,267,267,1,2008.04825741572,,267,2022-01-20
"Independent by age, Reference: Week, Report: Day of week",2022-01-20,2021-12-12,80+,DE,267,FALSE,1,267,267,0,0,267,267,267,267,267,267,267,267,267,267,,,,267,2022-01-20
"Independent by age, Reference: Week and day of week, Report: Day of week",2022-01-20,2021-12-12,80+,DE,267,FALSE,1,267,267,0,0,267,267,267,267,267,267,267,267,267,267,,,,267,2022-01-20
"Reference: Fixed, Report: Fixed",2022-01-20,2021-12-13,80+,DE,136,FALSE,7,136.262,136,0.536190031495306,0,136,136,136,136,136,136,137,137,137,138,1.00012154782385,1876.57469998599,1864.20224000467,136,2022-01-20
"Reference: Fixed, Report: Day of week",2022-01-20,2021-12-13,80+,DE,136,FALSE,7,136.0375,136,0.195225014798825,0,136,136,136,136,136,136,136,136,136,137,0.999583921277562,2017.54166719607,2010.98431554353,136,2022-01-20
"Reference: Age, Report: Day of week",2022-01-20,2021-12-13,80+,DE,136,FALSE,7,136.0415,136,0.216335735779569,0,136,136,136,136,136,136,136,136,136,137,0.999179478490077,1919.9964743538,1961.05798722471,136,2022-01-20
"Reference: Age and week, Report: Day of week",2022-01-20,2021-12-13,80+,DE,136,FALSE,7,136.037,136,0.188808962743314,0,136,136,136,136,136,136,136,136,136,137,0.999654133543256,2010.36308857077,2010.36308857077,136,2022-01-20
"Reference: Age and week by age, Report: Day of week",2022-01-20,2021-12-13,80+,DE,136,FALSE,7,135.974,136,3.04876556752776,0,136,136,136,136,136,136,136,136,136,137,0.999589395622976,1942.90723599964,2030.05051279927,136,2022-01-20
"Independent by age, Reference: Week, Report: Day of week",2022-01-20,2021-12-13,80+,DE,136,FALSE,1,136.0955,136,0.305657427901917,0,136,136,136,136,136,136,136,136,137,137,0.99932913398013,2180.00419324653,2021.26008082147,136,2022-01-20
"Independent by age, Reference: Week and day of week, Report: Day of week",2022-01-20,2021-12-13,80+,DE,136,FALSE,1,136.1205,136,0.355025029238352,0,136,136,136,136,136,136,136,137,137,137,1.00071140816907,1976.85278641943,1996.10806648701,136,2022-01-20
"Reference: Fixed, Report: Fixed",2022-01-20,2021-12-14,80+,DE,359,FALSE,7,359.8035,360,0.952019390800539,1.4826,359,359,359,359,360,360,361,361,362,362,1.0002594536926,1924.53339806588,1852.82211277212,359,2022-01-20
"Reference: Fixed, Report: Day of week",2022-01-20,2021-12-14,80+,DE,359,FALSE,7,359.1975,359,0.442257329812505,0,359,359,359,359,359,359,359,360,360,360,1.00047235280448,1988.9835708199,1997.85985262183,359,2022-01-20
"Reference: Age, Report: Day of week",2022-01-20,2021-12-14,80+,DE,359,FALSE,7,359.2045,359,0.454734143836578,0,359,359,359,359,359,359,359,360,360,360,0.999998427738467,1992.39587213567,1952.7051027572,359,2022-01-20
"Reference: Age and week, Report: Day of week",2022-01-20,2021-12-14,80+,DE,359,FALSE,7,359.1875,359,0.428293669967076,0,359,359,359,359,359,359,359,360,360,360,1.00066131546174,1744.24357094375,1721.33192671857,359,2022-01-20
"Reference: Age and week by age, Report: Day of week",2022-01-20,2021-12-14,80+,DE,359,FALSE,7,358.993,359,8.04265460818586,0,359,359,359,359,359,359,359,360,360,360,0.999218517876304,1996.46109379938,1971.65290702968,359,2022-01-20
"Independent by age, Reference: Week, Report: Day of week",2022-01-20,2021-12-14,80+,DE,359,FALSE,1,359.431,359,0.675623588706617,0,359,359,359,359,359,360,360,360,361,361,0.999640562856119,1842.95337601127,1871.49581454356,359,2022-01-20
"Independent by age, Reference: Week and day of week, Report: Day of week",2022-01-20,2021-12-14,80+,DE,359,FALSE,1,359.326,359,0.588130043845948,0,359,359,359,359,359,360,360,360,360,361,1.0011879404217,1921.06246195591,1944.53824540583,359,2022-01-20
"Reference: Fixed, Report: Fixed",2022-01-20,2021-12-15,80+,DE,444,FALSE,7,446.002,446,1.59350733691954,1.4826,444,444,445,445,446,447,447,448,449,450,1.00091879451231,1733.88360977933,1835.06720381298,444,2022-01-20
"Reference: Fixed, Report: Day of week",2022-01-20,2021-12-15,80+,DE,444,FALSE,7,444.515,444,0.740303332771274,0,444,444,444,444,444,445,445,445,446,446,0.999733796994606,1906.55708894045,1869.03068633908,444,2022-01-20
"Reference: Age, Report: Day of week",2022-01-20,2021-12-15,80+,DE,444,FALSE,7,444.532,444,0.741789138207605,0,444,444,444,444,444,445,445,446,446,446,0.999446368822363,2031.92146373994,1969.19625514651,444,2022-01-20
"Reference: Age and week, Report: Day of week",2022-01-20,2021-12-15,80+,DE,444,FALSE,7,444.5505,444,0.747481848981819,0,444,444,444,444,444,445,445,446,446,446,0.999881513381347,1730.06017345527,1676.01390035903,444,2022-01-20
"Reference: Age and week by age, Report: Day of week",2022-01-20,2021-12-15,80+,DE,444,FALSE,7,444.2925,444,9.96707655521561,0,444,444,444,444,444,445,445,445,446,446,1.00172174264453,1683.80020897344,1621.1890548285,444,2022-01-20
"Independent by age, Reference: Week, Report: Day of week",2022-01-20,2021-12-15,80+,DE,444,FALSE,1,445.0285,445,1.07622808151512,1.4826,444,444,444,444,445,446,446,447,447,448,0.99941491248177,1685.60546554119,1676.91228569951,444,2022-01-20
"Independent by age, Reference: Week and day of week, Report: Day of week",2022-01-20,2021-12-15,80+,DE,444,FALSE,1,445.139,445,1.12352576965441,1.4826,444,444,444,444,445,446,446,447,447,448,1.00022590298833,1972.03476520149,1946.50742907582,444,2022-01-20
"Reference: Fixed, Report: Fixed",2022-01-20,2021-12-16,80+,DE,408,FALSE,7,410.708,411,1.82329322904999,1.4826,408,408,409,409,411,412,412,413,414,415,1.00000881340883,1977.14976649849,1679.94527771075,409,2022-01-20
"Reference: Fixed, Report: Day of week",2022-01-20,2021-12-16,80+,DE,408,FALSE,7,408.886,409,0.940450010958347,1.4826,408,408,408,408,409,409,410,410,411,411,1.0048719147238,1930.48275654007,1906.14166611947,408,2022-01-20
"Reference: Age, Report: Day of week",2022-01-20,2021-12-16,80+,DE,408,FALSE,7,408.7905,409,0.904443895097805,1.4826,408,408,408,408,409,409,409,410,410,411,1.00001461827335,1997.29915071181,1860.86461809424,408,2022-01-20
"Reference: Age and week, Report: Day of week",2022-01-20,2021-12-16,80+,DE,408,FALSE,7,408.8665,409,0.964439122708481,1.4826,408,408,408,408,409,409,410,410,411,411,1.00124194518622,1988.853950847,2024.64702881545,408,2022-01-20
"Reference: Age and week by age, Report: Day of week",2022-01-20,2021-12-16,80+,DE,408,FALSE,7,408.503,409,9.17687847523735,1.4826,408,408,408,408,409,409,409,410,410,411,0.999299770608255,2003.53213573435,1942.54259771542,408,2022-01-20
"Independent by age, Reference: Week, Report: Day of week",2022-01-20,2021-12-16,80+,DE,408,FALSE,1,409.6365,409,1.33013246565449,1.4826,408,408,408,409,409,410,411,411,412,413,0.999298064022348,1728.97226863048,1811.48441717854,408,2022-01-20
"Independent by age, Reference: Week and day of week, Report: Day of week",2022-01-20,2021-12-16,80+,DE,408,FALSE,1,409.535,409,1.30637985063958,1.4826,408,408,408,409,409,410,411,411,412,413,1.00196615814718,1851.1245931445,1822.34000831168,408,2022-01-20
"Reference: Fixed, Report: Fixed",2022-01-20,2021-12-17,80+,DE,328,FALSE,7,330.937,331,1.8994301559833,1.4826,328,328,329,330,331,332,332,333,334,335,1.00070519142486,1816.41150183081,1990.02953373288,329,2022-01-20
"Reference: Fixed, Report: Day of week",2022-01-20,2021-12-17,80+,DE,328,FALSE,7,329.1395,329,1.06752496681688,1.4826,328,328,328,328,329,330,330,331,331,332,0.999160587918368,1946.17233034479,1971.70630611285,328,2022-01-20
"Reference: Age, Report: Day of week",2022-01-20,2021-12-17,80+,DE,328,FALSE,7,329.013,329,1.01850364497994,1.4826,328,328,328,328,329,330,330,330,331,331,1.00010776299388,1904.14558581544,1918.63244587638,328,2022-01-20
"Reference: Age and week, Report: Day of week",2022-01-20,2021-12-17,80+,DE,328,FALSE,7,329.026,329,1.04970230897561,1.4826,328,328,328,328,329,330,330,330,331,332,1.00156632904873,1994.51046097214,1741.85366557221,328,2022-01-20
"Reference: Age and week by age, Report: Day of week",2022-01-20,2021-12-17,80+,DE,328,FALSE,7,328.7635,329,7.41829382618711,1.4826,328,328,328,328,329,329,330,330,331,331,1.00048371619709,1899.07470978804,1973.44470923191,328,2022-01-20
"Independent by age, Reference: Week, Report: Day of week",2022-01-20,2021-12-17,80+,DE,328,FALSE,1,329.7875,330,1.43086247896744,1.4826,328,328,329,329,330,331,331,332,332,333,0.999589218851323,1807.84849448037,2029.9537376382,328,2022-01-20
"Independent by age, Reference: Week and day of week, Report: Day of week",2022-01-20,2021-12-17,80+,DE,328,FALSE,1,329.6495,329,1.32458560067168,1.4826,328,328,329,329,329,330,331,331,332,333,0.999860014805276,1742.02586732431,1908.84283121816,328,2022-01-20
"Reference: Fixed, Report: Fixed",2022-01-20,2021-12-18,80+,DE,298,FALSE,7,301.125,301,1.93241872301542,1.4826,298,298,299,300,301,302,303,304,305,306,1.00110293389648,1720.74302907212,1731.85481646572,299,2022-01-20
"Reference: Fixed, Report: Day of week",2022-01-20,2021-12-18,80+,DE,298,FALSE,7,299.3965,299,1.21861817856643,1.4826,298,298,298,298,299,300,300,301,302,302,0.999529854675312,2032.86032030213,1919.74280605574,298,2022-01-20
"Reference: Age, Report: Day of week",2022-01-20,2021-12-18,80+,DE,298,FALSE,7,299.24,299,1.15761394040393,1.4826,298,298,298,298,299,300,300,301,302,302,1.00184281385135,2118.23853540234,1843.78804904315,298,2022-01-20
"Reference: Age and week, Report: Day of week",2022-01-20,2021-12-18,80+,DE,298,FALSE,7,299.3045,299,1.17450818845267,1.4826,298,298,298,298,299,300,300,301,301,302,0.999650018477405,2102.34892048821,1846.58221683599,298,2022-01-20
"Reference: Age and week by age, Report: Day of week",2022-01-20,2021-12-18,80+,DE,298,FALSE,7,299.126,299,6.78727909981529,1.4826,298,298,298,298,299,300,300,301,301,302,0.99981054911668,1936.38885894743,1979.18965415753,298,2022-01-20
"Independent by age, Reference: Week, Report: Day of week",2022-01-20,2021-12-18,80+,DE,298,FALSE,1,300.117,300,1.55580244910153,1.4826,298,298,299,299,300,301,301,302,303,304,1.0014542393032,1720.4212566389,1878.42883513902,298,2022-01-20
"Independent by age, Reference: Week and day of week, Report: Day of week",2022-01-20,2021-12-18,80+,DE,298,FALSE,1,299.766,300,1.39578583925133,1.4826,298,298,299,299,300,301,301,302,302,303,1.0029235721313,2017.96978014172,2023.42431234218,298,2022-01-20
"Reference: Fixed, Report: Fixed",2022-01-20,2021-12-19,80+,DE,187,FALSE,7,189.7765,190,1.81444036742007,1.4826,187,187,188,188,190,191,191,192,193,194,1.00209040721521,1910.76273107334,1976.28363117229,188,2022-01-20
"Reference: Fixed, Report: Day of week",2022-01-20,2021-12-19,80+,DE,187,FALSE,7,188.246,188,1.12876971102624,1.4826,187,187,187,187,188,189,189,190,190,191,1.00039857229022,2027.30874059419,1978.11554752248,187,2022-01-20
"Reference: Age, Report: Day of week",2022-01-20,2021-12-19,80+,DE,187,FALSE,7,188.1915,188,1.12492687773034,1.4826,187,187,187,187,188,189,189,190,190,191,1.00081866572761,2077.9211414598,2055.02833146092,187,2022-01-20
"Reference: Age and week, Report: Day of week",2022-01-20,2021-12-19,80+,DE,187,FALSE,7,188.16,188,1.12429178419483,1.4826,187,187,187,187,188,189,189,190,190,191,0.999998512256689,1877.23643609419,1766.65340673419,187,2022-01-20
"Reference: Age and week by age, Report: Day of week",2022-01-20,2021-12-19,80+,DE,187,FALSE,7,188.0715,188,4.35164982254881,1.4826,187,187,187,187,188,189,189,190,190,191,0.999815988306078,2100.21933673353,2030.86077290478,187,2022-01-20
"Independent by age, Reference: Week, Report: Day of week",2022-01-20,2021-12-19,80+,DE,187,FALSE,1,188.8515,189,1.42844950347991,1.4826,187,187,188,188,189,190,190,191,192,192,0.999876264234141,1990.79137396293,1949.88508997348,187,2022-01-20
"Independent by age, Reference: Week and day of week, Report: Day of week",2022-01-20,2021-12-19,80+,DE,187,FALSE,1,188.7365,189,1.37586854645659,1.4826,187,187,188,188,189,190,190,191,191,192,0.999349917536639,2073.85446514881,1977.7140397688,187,2022-01-20
"Reference: Fixed, Report: Fixed",2022-01-20,2021-12-20,80+,DE,125,FALSE,7,127.2565,127,1.61617256407799,1.4826,125,125,126,126,127,128,129,129,130,131,1.0001481134422,1843.01876463829,1734.8395026446,125,2022-01-20
"Reference: Fixed, Report: Day of week",2022-01-20,2021-12-20,80+,DE,125,FALSE,7,126.0355,126,1.04823143655029,1.4826,125,125,125,125,126,127,127,127,128,129,1.00065634713211,1739.95489484699,1803.11538667322,125,2022-01-20
"Reference: Age, Report: Day of week",2022-01-20,2021-12-20,80+,DE,125,FALSE,7,125.981,126,1.02672590453418,1.4826,125,125,125,125,126,127,127,127,128,128,1.00055963561268,2041.76344426433,1921.14696146686,125,2022-01-20
"Reference: Age and week, Report: Day of week",2022-01-20,2021-12-20,80+,DE,125,FALSE,7,125.9545,126,0.995452265357964,1.4826,125,125,125,125,126,127,127,127,128,128,1.00314228012167,1718.49796676928,1744.95967519267,125,2022-01-20
"Reference: Age and week by age, Report: Day of week",2022-01-20,2021-12-20,80+,DE,125,FALSE,7,125.9815,126,3.00160999819941,1.4826,125,125,125,125,126,127,127,127,128,128.025,0.999867912561377,1845.47292548241,1952.22135994271,125,2022-01-20
"Independent by age, Reference: Week, Report: Day of week",2022-01-20,2021-12-20,80+,DE,125,FALSE,1,126.406,126,1.2128064353906,1.4826,125,125,125,125,126,127,127,128,129,129,1.00040283491009,1834.07387195716,1761.27612530572,125,2022-01-20
"Independent by age, Reference: Week and day of week, Report: Day of week",2022-01-20,2021-12-20,80+,DE,125,FALSE,1,126.87,127,1.44884422033129,1.4826,125,125,126,126,127,128,128,129,129,130,1.00230501990719,1684.81329561868,1728.12449293631,125,2022-01-20
"Reference: Fixed, Report: Fixed",2022-01-20,2021-12-21,80+,DE,274,FALSE,7,278.147,278,2.29521785730816,2.9652,274,275,276,276,278,279,280,281,282,283,0.999630692377992,1570.54569491128,1881.12082386797,275,2022-01-20
"Reference: Fixed, Report: Day of week",2022-01-20,2021-12-21,80+,DE,274,FALSE,7,276.0635,276,1.47904074682389,1.4826,274,274,275,275,276,277,277,278,279,279.025,1.00172757510506,1898.09765845124,1851.17924850631,274,2022-01-20
"Reference: Age, Report: Day of week",2022-01-20,2021-12-21,80+,DE,274,FALSE,7,275.8675,276,1.41807941407113,1.4826,274,274,275,275,276,277,277,278,278,279,1.00014689018146,1863.25651005044,1910.36591593792,274,2022-01-20
"Reference: Age and week, Report: Day of week",2022-01-20,2021-12-21,80+,DE,274,FALSE,7,275.8625,276,1.40412945976142,1.4826,274,274,275,275,276,277,277,278,278,279,0.999915267274459,2029.8133763985,1952.39017164951,274,2022-01-20
"Reference: Age and week by age, Report: Day of week",2022-01-20,2021-12-21,80+,DE,274,FALSE,7,275.7905,276,6.32665970805533,1.4826,274,274,275,275,276,277,277,278,278,279,1.00424169797292,2009.27657249451,1946.19994212328,274,2022-01-20
"Independent by age, Reference: Week, Report: Day of week",2022-01-20,2021-12-21,80+,DE,274,FALSE,1,276.6705,276,1.73995502003238,1.4826,274,274,275,275,276,278,278,279,280,281,1.00134581767316,1893.17973910115,1748.34563430633,275,2022-01-20
"Independent by age, Reference: Week and day of week, Report: Day of week",2022-01-20,2021-12-21,80+,DE,274,FALSE,1,276.358,276,1.62762421347501,1.4826,274,274,275,275,276,277,278,279,279,280,1.00021611487606,2057.37837832805,2031.82953285445,274,2022-01-20
"Reference: Fixed, Report: Fixed",2022-01-20,2021-12-22,80+,DE,311,FALSE,7,317.486,317,2.99136726917133,2.9652,313,313,315,315,317,319,320,321,323,324,0.999641208745181,1846.5000069045,1902.46796503232,314,2022-01-20
"Reference: Fixed, Report: Day of week",2022-01-20,2021-12-22,80+,DE,311,FALSE,7,314.3955,314,1.89416833645889,1.4826,311,312,313,313,314,316,316,317,318,318,0.999822207630372,2083.89606109977,1925.98520264513,312,2022-01-20
"Reference: Age, Report: Day of week",2022-01-20,2021-12-22,80+,DE,311,FALSE,7,313.886,314,1.79404941588946,1.4826,311,311,312,313,314,315,315,316,317,318,1.00135973425393,2060.3985552019,1953.57533130162,312,2022-01-20
"Reference: Age and week, Report: Day of week",2022-01-20,2021-12-22,80+,DE,311,FALSE,7,313.925,314,1.77424602986374,1.4826,311,311,312,313,314,315,315,316,317,318,1.00055844502113,1988.09746963719,1890.01266162288,312,2022-01-20
"Reference: Age and week by age, Report: Day of week",2022-01-20,2021-12-22,80+,DE,311,FALSE,7,314.1965,314,7.28775983905451,1.4826,311,312,313,313,314,315,316,317,318,319,1.03118747749587,148.45400096878,976.184679764345,312,2022-01-20
"Independent by age, Reference: Week, Report: Day of week",2022-01-20,2021-12-22,80+,DE,311,FALSE,1,315.2455,315,2.22209329221337,1.4826,312,312,313,314,315,317,317,318,319,320,0.999216484436645,1696.59912714888,1718.41508764406,313,2022-01-20
"Independent by age, Reference: Week and day of week, Report: Day of week",2022-01-20,2021-12-22,80+,DE,311,FALSE,1,315.8485,316,2.40550222832681,2.9652,312,312,314,314,316,317,318,319,320,321,1.00188933992624,1689.07516771019,1759.07321933779,313,2022-01-20
"Reference: Fixed, Report: Fixed",2022-01-20,2021-12-23,80+,DE,276,FALSE,7,282.651,282,2.94440720126878,2.9652,278,278,280,281,282,285,285,287,288,289,0.999911824844001,2164.76910380764,1885.08629357953,279,2022-01-20
"Reference: Fixed, Report: Day of week",2022-01-20,2021-12-23,80+,DE,276,FALSE,7,279.6535,279,1.94301966348937,1.4826,276,277,278,278,279,281,281,282,283,284,1.00045266011159,2029.09756844632,1932.886897205,277,2022-01-20
"Reference: Age, Report: Day of week",2022-01-20,2021-12-23,80+,DE,276,FALSE,7,279.1735,279,1.88604780908891,1.4826,276,277,278,278,279,280,281,282,282,284,0.999726912626332,2190.99116619355,1916.69401033857,277,2022-01-20
"Reference: Age and week, Report: Day of week",2022-01-20,2021-12-23,80+,DE,276,FALSE,7,279.266,279,1.8603694491266,1.4826,276,277,278,278,279,280,281,282,283,283,1.00062016336288,2129.37229477066,2033.58627451863,277,2022-01-20
"Reference: Age and week by age, Report: Day of week",2022-01-20,2021-12-23,80+,DE,276,FALSE,7,279.179,279,6.51921844276998,1.4826,276,277,278,278,279,280,281,282,283,283,1.00042990575987,1792.32070904499,1947.85853307649,277,2022-01-20
"Independent by age, Reference: Week, Report: Day of week",2022-01-20,2021-12-23,80+,DE,276,FALSE,1,280.7145,281,2.34408556127102,2.9652,277,277,279,279,281,282,283,284,285,286,0.999686248306313,1857.43909653651,1919.68891718716,278,2022-01-20
"Independent by age, Reference: Week and day of week, Report: Day of week",2022-01-20,2021-12-23,80+,DE,276,FALSE,1,280.6955,280,2.31159068083817,1.4826,277,277,279,279,280,282,283,284,285,286,1.00055735060223,1755.43026895159,1759.131365173,278,2022-01-20
"Reference: Fixed, Report: Fixed",2022-01-20,2021-12-24,80+,DE,222,FALSE,7,228.5805,228,2.95886755340608,2.9652,224,224,226,226,228,230,231,233,234,235,1.00056205046373,2004.61801708864,2030.0339645147,225,2022-01-20
"Reference: Fixed, Report: Day of week",2022-01-20,2021-12-24,80+,DE,222,FALSE,7,226.07,226,2.12823041100844,1.4826,223,223,224,225,226,227,228,229,230,231,1.00034302652886,1952.31980903669,1865.28805239856,224,2022-01-20
"Reference: Age, Report: Day of week",2022-01-20,2021-12-24,80+,DE,222,FALSE,7,225.619,225,1.98615492993443,1.4826,222,223,224,224,225,227,227,228,229,230,1.00101667621354,1853.81975831318,1800.52338945566,223,2022-01-20
"Reference: Age and week, Report: Day of week",2022-01-20,2021-12-24,80+,DE,222,FALSE,7,225.6235,225,1.92083121233312,1.4826,223,223,224,224,225,227,227,228,229,230,0.999828124083099,1979.89735986693,1873.91769596377,223,2022-01-20
"Reference: Age and week by age, Report: Day of week",2022-01-20,2021-12-24,80+,DE,222,FALSE,7,225.8125,226,5.46170842131285,1.4826,223,223,224,224,226,227,228,229,230,230,1.01857244302443,208.664200394165,1851.36905889457,223,2022-01-20
"Independent by age, Reference: Week, Report: Day of week",2022-01-20,2021-12-24,80+,DE,222,FALSE,1,226.8405,227,2.32266164745627,2.9652,223,224,225,225,227,228,229,230,231,232,1.00137311228747,1994.05317662929,1882.93098742343,224,2022-01-20
"Independent by age, Reference: Week and day of week, Report: Day of week",2022-01-20,2021-12-24,80+,DE,222,FALSE,1,226.4965,226,2.29403989928897,1.4826,223,223,225,225,226,228,228,230,231,232,1.00108294457738,1926.13440744772,1901.18946526358,224,2022-01-20
"Reference: Fixed, Report: Fixed",2022-01-20,2021-12-25,80+,DE,128,FALSE,7,132.7095,133,2.37190276178339,2.9652,129,129,131,131,133,134,135,136,137,138,1.00004959645462,1914.9245460778,2023.09407818708,130,2022-01-20
"Reference: Fixed, Report: Day of week",2022-01-20,2021-12-25,80+,DE,128,FALSE,7,131.1805,131,1.79486225523231,1.4826,128,129,130,130,131,132,133,134,134,135,1.0009763182324,2046.5603210393,1992.65743994923,129,2022-01-20
"Reference: Age, Report: Day of week",2022-01-20,2021-12-25,80+,DE,128,FALSE,7,130.7505,131,1.69105871861237,1.4826,128,128,129,130,131,132,132,133,134,135,0.999082406617282,1980.36200654242,1751.11518418312,129,2022-01-20
"Reference: Age and week, Report: Day of week",2022-01-20,2021-12-25,80+,DE,128,FALSE,7,130.7125,131,1.67099966185962,1.4826,128,128,129,130,131,132,132,133,134,134,1.00121219000517,1969.73826614602,2053.38730795699,129,2022-01-20
"Reference: Age and week by age, Report: Day of week",2022-01-20,2021-12-25,80+,DE,128,FALSE,7,130.6505,130,3.37372802258647,1.4826,128,128,129,129,130,132,132,133,134,135,1.00008971820553,1972.84709617329,2050.53787033637,129,2022-01-20
"Independent by age, Reference: Week, Report: Day of week",2022-01-20,2021-12-25,80+,DE,128,FALSE,1,131.515,131,1.97122242756353,1.4826,128,129,130,130,131,133,133,134,135,136,0.99940774323846,2011.81836608715,1480.76554866002,129,2022-01-20
"Independent by age, Reference: Week and day of week, Report: Day of week",2022-01-20,2021-12-25,80+,DE,128,FALSE,1,130.999,131,1.83812087311256,1.4826,128,128,129,130,131,132,132,134,134,135,0.999429673677137,1846.41295523781,1921.44880090057,129,2022-01-20
"Reference: Fixed, Report: Fixed",2022-01-20,2021-12-26,80+,DE,98,FALSE,7,101.667,101,2.14695498505533,1.4826,98,99,100,100,101,103,103,105,106,107,1.00083329914007,2190.68599262802,1965.03262861664,99,2022-01-20
"Reference: Fixed, Report: Day of week",2022-01-20,2021-12-26,80+,DE,98,FALSE,7,100.382,100,1.58092557156604,1.4826,98,98,99,99,100,101,102,102.1,103,104,1.00027068259395,2072.37236015484,2017.36541646082,98,2022-01-20
"Reference: Age, Report: Day of week",2022-01-20,2021-12-26,80+,DE,98,FALSE,7,100.1905,100,1.490745085672,1.4826,98,98,99,99,100,101,101,102,103,103,1.00040941722121,2052.89378865569,1577.81496884304,98,2022-01-20
"Reference: Age and week, Report: Day of week",2022-01-20,2021-12-26,80+,DE,98,FALSE,7,100.131,100,1.52315429274245,1.4826,98,98,99,99,100,101,101,102,103,104,1.00128930549609,1975.30226787533,1821.44049977658,98,2022-01-20
"Reference: Age and week by age, Report: Day of week",2022-01-20,2021-12-26,80+,DE,98,FALSE,7,100.331,100,2.73096468011617,1.4826,98,98,99,99,100,101,102,102,103,104,1.01462108316753,996.381927363349,1967.93310138349,98,2022-01-20
"Independent by age, Reference: Week, Report: Day of week",2022-01-20,2021-12-26,80+,DE,98,FALSE,1,100.6895,100,1.69603302267586,1.4826,98,98,99,99,100,102,102,103,104,104,1.00126255910208,1769.7875256427,2077.50028256608,99,2022-01-20
"Independent by age, Reference: Week and day of week, Report: Day of week",2022-01-20,2021-12-26,80+,DE,98,FALSE,1,100.624,100,1.67959355716156,1.4826,98,98,99,99,100,102,102,103,104,105,0.99924435171084,2065.93105845395,1843.95130297283,99,2022-01-20
"Reference: Fixed, Report: Fixed",2022-01-20,2021-12-27,80+,DE,99,FALSE,7,102.817,103,2.14634908791734,2.9652,99,100,101,101,103,104,105,106,107,108,1.00240023460858,2101.50510783665,1883.3690934764,100,2022-01-20
"Reference: Fixed, Report: Day of week",2022-01-20,2021-12-27,80+,DE,99,FALSE,7,101.5525,101,1.66692323354534,1.4826,99,99,100,100,101,103,103,104,105,105,0.999923507468169,2068.01543578015,1857.31069452112,100,2022-01-20
"Reference: Age, Report: Day of week",2022-01-20,2021-12-27,80+,DE,99,FALSE,7,101.2385,101,1.52078076561631,1.4826,99,99,100,100,101,102,102,103,104,105,1.00270060401545,1905.72560096461,1766.52947849244,99,2022-01-20
"Reference: Age and week, Report: Day of week",2022-01-20,2021-12-27,80+,DE,99,FALSE,7,101.2045,101,1.5240869957405,1.4826,99,99,100,100,101,102,102,103,104,105,1.00051028434039,2035.01759967737,1979.68720709521,99,2022-01-20
"Reference: Age and week by age, Report: Day of week",2022-01-20,2021-12-27,80+,DE,99,FALSE,7,101.084,101,2.70677064112418,1.4826,99,99,100,100,101,102,102,103,104,105,1.00589789025114,1622.8378692554,1832.05351674342,99,2022-01-20
"Independent by age, Reference: Week, Report: Day of week",2022-01-20,2021-12-27,80+,DE,99,FALSE,1,101.664,101,1.67824678046111,1.4826,99,99,100,100,101,103,103,104,105,105.025,1.0002064841436,2007.39348817392,2023.97212172759,100,2022-01-20
"Independent by age, Reference: Week and day of week, Report: Day of week",2022-01-20,2021-12-27,80+,DE,99,FALSE,1,102.5975,102,2.11748332173099,1.4826,99,100,101,101,102,104,104,105,106,107,1.00041506139005,1880.96339028971,1979.94092565542,100,2022-01-20
"Reference: Fixed, Report: Fixed",2022-01-20,2021-12-28,80+,DE,224,FALSE,7,231.5265,231,3.1839231198659,2.9652,226,227,229,229,231,234,234,236,237,239,1.0003289201972,2002.90676690315,1851.34354953476,228,2022-01-20
"Reference: Fixed, Report: Day of week",2022-01-20,2021-12-28,80+,DE,224,FALSE,7,228.7835,229,2.2735901909047,2.9652,225,225,227,227,229,230,231,232,233,234,1.00204293312839,1900.49525007666,1975.08853575382,226,2022-01-20
"Reference: Age, Report: Day of week",2022-01-20,2021-12-28,80+,DE,224,FALSE,7,228.4535,228,2.1605952503692,1.4826,225,225,227,227,228,230,230,231,232,233,0.999655777014181,2018.88622061704,1993.95366445586,226,2022-01-20
"Reference: Age and week, Report: Day of week",2022-01-20,2021-12-28,80+,DE,224,FALSE,7,228.58,228,2.23586662164246,1.4826,225,225,227,227,228,230,230,232,233,233,0.99989279527449,2046.14397621479,1715.4210862285,226,2022-01-20
"Reference: Age and week by age, Report: Day of week",2022-01-20,2021-12-28,80+,DE,224,FALSE,7,228.484,228,5.56643841413063,1.4826,225,225,227,227,228,230,230,232,233,234,0.999943902916549,1936.75902770341,1977.04169845432,226,2022-01-20
"Independent by age, Reference: Week, Report: Day of week",2022-01-20,2021-12-28,80+,DE,224,FALSE,1,229.1325,229,2.38972784006355,2.9652,225,226,227,227,229,231,231,232,233,234,0.99964793666524,2037.54734979524,1828.77575915919,226,2022-01-20
"Independent by age, Reference: Week and day of week, Report: Day of week",2022-01-20,2021-12-28,80+,DE,224,FALSE,1,228.6125,228,2.22076780749979,1.4826,225,225,227,227,228,230,230,232,232,233,1.00006593720057,2008.42230272886,1955.62949540861,226,2022-01-20
"Reference: Fixed, Report: Fixed",2022-01-20,2021-12-29,80+,DE,253,FALSE,7,264.877,265,4.2198073874519,4.4478,258,259,261,262,265,267,268,270.1,272,274,0.999927012435531,2042.47024102046,2104.58389289153,260,2022-01-20
"Reference: Fixed, Report: Day of week",2022-01-20,2021-12-29,80+,DE,253,FALSE,7,261.114,261,3.03983952078988,2.9652,256,256,258.8,259,261,263,264,265,266,268,1.00202709628173,1696.10944680856,1880.61637827317,257,2022-01-20
"Reference: Age, Report: Day of week",2022-01-20,2021-12-29,80+,DE,253,FALSE,7,260.6355,260,2.87014958309052,2.9652,255,256,258,259,260,262,263,264,266,267,1.00038174449592,2117.55590349736,1954.99615331172,257,2022-01-20
"Reference: Age and week, Report: Day of week",2022-01-20,2021-12-29,80+,DE,253,FALSE,7,260.6465,260,2.91698339831975,2.9652,256,256,258,259,260,263,263,265,266,267,1.00098192180257,1986.62538880339,1930.34045898956,257,2022-01-20
"Reference: Age and week by age, Report: Day of week",2022-01-20,2021-12-29,80+,DE,253,FALSE,7,260.4675,260,6.52320625612359,2.9652,255,256,258,258,260,262,263,264,266,267,1.00101378298148,1806.38472112713,1877.36771987496,257,2022-01-20
"Independent by age, Reference: Week, Report: Day of week",2022-01-20,2021-12-29,80+,DE,253,FALSE,1,261.5135,261,3.24068955384378,2.9652,256,257,259,259,261,264,264,266,267,268,1.0008259260552,1894.38661474023,1966.21066475753,258,2022-01-20
"Independent by age, Reference: Week and day of week, Report: Day of week",2022-01-20,2021-12-29,80+,DE,253,FALSE,1,262.537,262,3.50396488066625,2.9652,256,257,259,260,262,265,266,267,268.05,270,0.999840509083752,1727.83291110671,1820.27440072716,258,2022-01-20
"Reference: Fixed, Report: Fixed",2022-01-20,2021-12-30,80+,DE,241,FALSE,7,253.9915,254,4.53770020071355,4.4478,246,247,250,251,254,257,258,260,262,264,1.00239779466339,1997.65646487019,1859.95168434372,249,2022-01-20
"Reference: Fixed, Report: Day of week",2022-01-20,2021-12-30,80+,DE,241,FALSE,7,250.2565,250,3.26083183591719,2.9652,244,245,247,248,250,252,253,254,256,257,0.99978370320882,2060.68005146894,1766.27064836236,246,2022-01-20
"Reference: Age, Report: Day of week",2022-01-20,2021-12-30,80+,DE,241,FALSE,7,249.683,249,3.17955433715033,2.9652,244,245,247,247,249,252,252,254,255,256,1.00114200096712,1914.78806250074,1955.55242455586,246,2022-01-20
"Reference: Age and week, Report: Day of week",2022-01-20,2021-12-30,80+,DE,241,FALSE,7,249.7645,250,3.1719190224756,2.9652,244,245,247,247,250,252,252,254,255,257,1.00027644096669,2027.13956987628,1773.48204085194,246,2022-01-20
"Reference: Age and week by age, Report: Day of week",2022-01-20,2021-12-30,80+,DE,241,FALSE,7,249.375,249,6.42051294627202,2.9652,244,245,247,247,249,252,252,254,255,257,1.00080532021382,1662.35075202942,1653.9691692726,246,2022-01-20
"Independent by age, Reference: Week, Report: Day of week",2022-01-20,2021-12-30,80+,DE,241,FALSE,1,250.7565,251,3.38052092300217,2.9652,245,246,248,248,251,253,253,255,257,258,1.00120686477524,1945.48294468227,1877.77760966465,247,2022-01-20
"Independent by age, Reference: Week and day of week, Report: Day of week",2022-01-20,2021-12-30,80+,DE,241,FALSE,1,250.876,251,3.59250289332093,2.9652,245,245,248,248,251,253,254,256,257,259,1.00131476227376,1840.87114408858,1895.3113203556,247,2022-01-20
"Reference: Fixed, Report: Fixed",2022-01-20,2021-12-31,80+,DE,216,FALSE,7,229.9195,230,4.54624613576558,4.4478,222,223,226,227,230,233,234,236,238,240,0.999773522362442,2107.0701655787,1935.56876406656,224,2022-01-20
"Reference: Fixed, Report: Day of week",2022-01-20,2021-12-31,80+,DE,216,FALSE,7,226.9605,227,3.5657112752506,2.9652,221,222,224,224,227,229,230,232,233,235,0.999923480751873,1844.53172842071,1617.14226347085,223,2022-01-20
"Reference: Age, Report: Day of week",2022-01-20,2021-12-31,80+,DE,216,FALSE,7,226.292,226,3.49940836849098,2.9652,220,221,223,224,226,229,229,231,232,234,1.00055898263505,1947.58711465346,1816.28854404299,222,2022-01-20
"Reference: Age and week, Report: Day of week",2022-01-20,2021-12-31,80+,DE,216,FALSE,7,226.182,226,3.44569476393413,2.9652,220,221,223,224,226,228,229,231,232,233,1.00064300441362,1962.79314792907,1985.56965867197,222,2022-01-20
"Reference: Age and week by age, Report: Day of week",2022-01-20,2021-12-31,80+,DE,216,FALSE,7,225.9195,226,6.09225553787506,2.9652,220,221,223,224,226,228,229,230,232,233,1.00311526820559,1714.35259094293,1758.02306029786,222,2022-01-20
"Independent by age, Reference: Week, Report: Day of week",2022-01-20,2021-12-31,80+,DE,216,FALSE,1,227.4825,227,3.80327835072672,2.9652,221,222,224,225,227,230,231,233,234,236,1.00225773492535,1888.2039600224,1827.2895581964,223,2022-01-20
"Independent by age, Reference: Week and day of week, Report: Day of week",2022-01-20,2021-12-31,80+,DE,216,FALSE,1,226.6085,226,3.67749775593031,2.9652,220,221,223,224,226,229,229.2,232,233,235,0.999424039786779,2118.23972752538,1897.79105210971,222,2022-01-20
"Reference: Fixed, Report: Fixed",2022-01-20,2022-01-01,80+,DE,132,FALSE,7,141.82,142,3.73451111748825,4.4478,135.975,136,139,139,142,144,145,147,148,150,0.999615219705769,2168.94152148942,2021.70921697943,137,2022-01-20
"Reference: Fixed, Report: Day of week",2022-01-20,2022-01-01,80+,DE,132,FALSE,7,140.034,140,3.04999922092184,2.9652,135,135,137,138,140,142,143,144,145,147,1.00118443687536,2072.90091924139,1900.5372101257,136,2022-01-20
"Reference: Age, Report: Day of week",2022-01-20,2022-01-01,80+,DE,132,FALSE,7,139.6015,139,2.951788318484,2.9652,134,135,137,137,139,141,142,143,145,146,1.00001485986351,2045.34717250607,1867.56687461134,136,2022-01-20
"Reference: Age and week, Report: Day of week",2022-01-20,2022-01-01,80+,DE,132,FALSE,7,139.679,139,2.94113653917513,2.9652,135,135,137,138,139,141,142,143,145,146,0.999313366597326,1907.39177620031,1915.51884065492,136,2022-01-20
"Reference: Age and week by age, Report: Day of week",2022-01-20,2022-01-01,80+,DE,132,FALSE,7,138.933,139,4.1705164672738,2.9652,134,135,137,137,139,141,141,143,144,145,1.00187568955142,1678.64797459822,1662.68653447805,136,2022-01-20
"Independent by age, Reference: Week, Report: Day of week",2022-01-20,2022-01-01,80+,DE,132,FALSE,1,140.2635,140,3.20315435920976,2.9652,135,135,137,138,140,142,143,144,146,147,0.999783606492153,2058.95853017791,2038.8751100281,136,2022-01-20
"Independent by age, Reference: Week and day of week, Report: Day of week",2022-01-20,2022-01-01,80+,DE,132,FALSE,1,139.1805,139,3.04377266332639,2.9652,134,135,137,137,139,141,142,143,145,146,0.999092707858813,1993.81471161894,1978.35323294266,136,2022-01-20
"Reference: Fixed, Report: Fixed",2022-01-20,2022-01-02,80+,DE,73,FALSE,7,79.485,79,2.95146244517572,2.9652,75,75,77,77,79,81,82,83,85,86,0.999628537086303,2092.10370396935,1918.83490644288,76,2022-01-20
"Reference: Fixed, Report: Day of week",2022-01-20,2022-01-02,80+,DE,73,FALSE,7,77.938,78,2.42220757673086,2.9652,74,75,76,76,78,79,80,81,82,83,1.000233688226,1964.91046542495,1902.90614887729,75,2022-01-20
"Reference: Age, Report: Day of week",2022-01-20,2022-01-02,80+,DE,73,FALSE,7,77.518,77,2.23856686091691,1.4826,74,74,76,76,77,79,79,81,82,82,1.00308876230064,2169.09353873317,1737.99999512286,75,2022-01-20
"Reference: Age and week, Report: Day of week",2022-01-20,2022-01-02,80+,DE,73,FALSE,7,77.495,77,2.22023415879045,1.4826,74,74,76,76,77,79,79,80,81.05,83,0.999730999954915,2095.49527364082,1934.05310755046,75,2022-01-20
"Reference: Age and week by age, Report: Day of week",2022-01-20,2022-01-02,80+,DE,73,FALSE,7,77.518,77,2.84512273227023,1.4826,74,74,76,76,77,79,79,81,82,82,1.00956232704824,1750.78399041919,1672.07603708775,75,2022-01-20
"Independent by age, Reference: Week, Report: Day of week",2022-01-20,2022-01-02,80+,DE,73,FALSE,1,77.8935,78,2.37570615604496,2.9652,74,74,76,76,78,79,80,81,82,83,0.99954025109654,2110.47954712683,2084.53944607493,75,2022-01-20
"Independent by age, Reference: Week and day of week, Report: Day of week",2022-01-20,2022-01-02,80+,DE,73,FALSE,1,77.605,77,2.32048859804715,1.4826,74,74,76,76,77,79,79,81,82,83,0.999290724692161,1991.45847260735,1859.82846422892,75,2022-01-20
"Reference: Fixed, Report: Fixed",2022-01-20,2022-01-03,80+,DE,94,FALSE,7,101.993,102,3.30929399016719,2.9652,97,97,99,100,102,104,105,106,108,109,1.00079145671714,1909.15120650694,1995.67118264482,98,2022-01-20
"Reference: Fixed, Report: Day of week",2022-01-20,2022-01-03,80+,DE,94,FALSE,7,100.0085,100,2.59553388497897,2.9652,96,96,98,98,100,102,102,103,105,105,1.00353930878623,1753.44074662869,1920.57347505211,97,2022-01-20
"Reference: Age, Report: Day of week",2022-01-20,2022-01-03,80+,DE,94,FALSE,7,99.7475,99,2.58206841285128,2.9652,95,96,98,98,99,101,102,103,104,105,1.00062481456992,2003.50239177479,2013.3227905998,97,2022-01-20
"Reference: Age and week, Report: Day of week",2022-01-20,2022-01-03,80+,DE,94,FALSE,7,99.8685,100,2.62042765031498,2.9652,96,96,98,98,100,101,102,103,104,106,1.00057945656327,1977.0870188409,1936.4220187564,97,2022-01-20
"Reference: Age and week by age, Report: Day of week",2022-01-20,2022-01-03,80+,DE,94,FALSE,7,100.139,100,3.39977326142709,2.9652,96,96,98,98,100,102,102,103,105,106,1.02267531017665,263.449270496019,1381.01747437409,97,2022-01-20
"Independent by age, Reference: Week, Report: Day of week",2022-01-20,2022-01-03,80+,DE,94,FALSE,1,99.906,100,2.6293765060191,2.9652,95.975,96,98,98,100,102,102,103,105,105,1.00006892315721,1949.24505616335,1861.37306536403,97,2022-01-20
"Independent by age, Reference: Week and day of week, Report: Day of week",2022-01-20,2022-01-03,80+,DE,94,FALSE,1,101.034,101,2.99454965960358,2.9652,96,97,98,99,101,103,103,105,106,108,0.99981381889376,1957.00128220142,1867.78812771701,97,2022-01-20
"Reference: Fixed, Report: Fixed",2022-01-20,2022-01-04,80+,DE,228,FALSE,7,244.76,244,5.37660245201033,5.9304,236,237,240,241,244,248,249,252,254,257,1.00235502398301,2246.01930715274,2098.15522705157,238,2022-01-20
"Reference: Fixed, Report: Day of week",2022-01-20,2022-01-04,80+,DE,228,FALSE,7,240.0495,240,3.81055244091358,4.4478,233,234,237,237,240,243,243,245,247,248,1.00010080016563,1653.65540126404,1763.68419466223,235,2022-01-20
"Reference: Age, Report: Day of week",2022-01-20,2022-01-04,80+,DE,228,FALSE,7,239.7045,240,3.87165011168283,4.4478,233,234,236,237,240,242,243,245,246,248,1.00020758924153,1937.24721618051,1878.15498733419,235,2022-01-20
"Reference: Age and week, Report: Day of week",2022-01-20,2022-01-04,80+,DE,228,FALSE,7,239.7825,240,3.91278017199244,4.4478,233,234,236,237,240,242,243,245,246,248,0.999893169060491,2333.55244472311,1949.72085359808,235,2022-01-20
"Reference: Age and week by age, Report: Day of week",2022-01-20,2022-01-04,80+,DE,228,FALSE,7,240.5785,240,6.65604907168076,4.4478,234,235,237,238,240,243,244,246,247.05,249,1.00355658976875,1730.73299096395,1894.30957915131,236,2022-01-20
"Independent by age, Reference: Week, Report: Day of week",2022-01-20,2022-01-04,80+,DE,228,FALSE,1,239.553,239,3.83347606871162,4.4478,233,234,236,237,239,242,243,245,246,247,0.999952338852269,2012.16437211638,2022.75398364181,235,2022-01-20
"Independent by age, Reference: Week and day of week, Report: Day of week",2022-01-20,2022-01-04,80+,DE,228,FALSE,1,238.3515,238,3.59950357174173,2.9652,232,233,235,236,238,241,241,243,245,246,0.999279599420128,2094.62906200327,2057.5681217292,234,2022-01-20
"Reference: Fixed, Report: Fixed",2022-01-20,2022-01-05,80+,DE,215,FALSE,7,234.339,234,5.8202247815917,5.9304,224,226,230,230,234,238,239,242,244,247,1.00068467116499,1975.36549163888,1722.93141900445,227,2022-01-20
"Reference: Fixed, Report: Day of week",2022-01-20,2022-01-05,80+,DE,215,FALSE,7,229.234,229,4.40317362466943,4.4478,222,223,225,226,229,232,233,235,237,239,1.00164777503336,1984.33349657451,2026.99212794755,224,2022-01-20
"Reference: Age, Report: Day of week",2022-01-20,2022-01-05,80+,DE,215,FALSE,7,228.9405,229,4.18123200750093,4.4478,222,223,225,226,229,232,232,235,236,238,1.00258144874084,2022.80624975073,1894.90713913632,224,2022-01-20
"Reference: Age and week, Report: Day of week",2022-01-20,2022-01-05,80+,DE,215,FALSE,7,229.1085,229,4.24201899012207,4.4478,222,223,225,226,229,232,233,235,236,238,1.00060573204148,1645.5289004619,1913.74572175104,224,2022-01-20
"Reference: Age and week by age, Report: Day of week",2022-01-20,2022-01-05,80+,DE,215,FALSE,7,229.998,230,6.6847841528044,4.4478,223,223,226,227,230,233,234,236,237,239,1.00119794546986,2003.52308542224,2056.50425952529,225,2022-01-20
"Independent by age, Reference: Week, Report: Day of week",2022-01-20,2022-01-05,80+,DE,215,FALSE,1,228.8485,229,4.10243375709659,4.4478,221,222,225,226,229,232,232,234,236,237,1.0004653710241,1922.8240403621,1997.47060982014,224,2022-01-20
"Independent by age, Reference: Week and day of week, Report: Day of week",2022-01-20,2022-01-05,80+,DE,215,FALSE,1,231.148,231,4.82832811397362,4.4478,223,224,227,228,231,234,235,237,239,241,1.00130058367852,1828.60410909259,1971.0820921566,225,2022-01-20
"Reference: Fixed, Report: Fixed",2022-01-20,2022-01-06,80+,DE,195,FALSE,7,217.696,217,6.76642270613646,5.9304,206,208,212,213,217,222,223,226,229,233,1.00068740159716,2172.8789225104,1826.70795475057,210,2022-01-20
"Reference: Fixed, Report: Day of week",2022-01-20,2022-01-06,80+,DE,195,FALSE,7,212.499,212,4.80265882255683,4.4478,204,205,208,209,212,216,216,219,221,223,1.00089581377416,2118.50189479181,1920.50043133996,207,2022-01-20
"Reference: Age, Report: Day of week",2022-01-20,2022-01-06,80+,DE,195,FALSE,7,212.193,212,4.85556786273602,4.4478,204,205,208,209,212,215,216,218,221,223,0.999603987546187,2091.51192210815,1896.68842878919,206,2022-01-20
"Reference: Age and week, Report: Day of week",2022-01-20,2022-01-06,80+,DE,195,FALSE,7,212.0325,212,4.72637419768349,4.4478,204,205,208,209,212,215,216,218,220,222,0.999609071323863,2060.36039270575,2079.13336261139,206,2022-01-20
"Reference: Age and week by age, Report: Day of week",2022-01-20,2022-01-06,80+,DE,195,FALSE,7,214.1545,214,6.90887081931621,4.4478,205,207,210,211,214,218,218,221,223,224,1.03460834112675,62.048458087324,979.376550145374,208,2022-01-20
"Independent by age, Reference: Week, Report: Day of week",2022-01-20,2022-01-06,80+,DE,195,FALSE,1,211.6105,211,4.83606074111418,4.4478,203,204,208,208,211,215,216,218,220,222,0.999697044963661,1932.64408503558,2004.19057490724,206,2022-01-20
"Independent by age, Reference: Week and day of week, Report: Day of week",2022-01-20,2022-01-06,80+,DE,195,FALSE,1,212.488,212,4.99963540441586,4.4478,203,205,208,209,212,216,217,219,221,222,0.999707139731415,1922.59622592204,1796.53445748653,206,2022-01-20
"Reference: Fixed, Report: Fixed",2022-01-20,2022-01-07,80+,DE,141,FALSE,7,160.989,160,5.99348312085385,5.9304,151,152,156,157,160,165,166,169,172,174,1.00126027373647,2256.9516191344,1998.06209542813,154,2022-01-20
"Reference: Fixed, Report: Day of week",2022-01-20,2022-01-07,80+,DE,141,FALSE,7,157.0805,157,4.45532767844983,4.4478,149,150,153,154,157,160,161,163,165,166,0.999380792662868,2169.77152870689,1986.58083178591,152,2022-01-20
"Reference: Age, Report: Day of week",2022-01-20,2022-01-07,80+,DE,141,FALSE,7,156.5715,156,4.60048584227715,4.4478,148,149,153,153,156,159,160,163,165,166,1.0025659619423,2268.94695033875,1863.15961787324,151,2022-01-20
"Reference: Age and week, Report: Day of week",2022-01-20,2022-01-07,80+,DE,141,FALSE,7,156.582,156,4.5355883610498,4.4478,149,150,153,153,156,160,160,163,165,166,1.00035451633106,2017.93355275456,1959.88872479396,151,2022-01-20
"Reference: Age and week by age, Report: Day of week",2022-01-20,2022-01-07,80+,DE,141,FALSE,7,154.7415,154,5.60958211061465,4.4478,147,148,151,152,154,158,158,161,163,164,1.08161358973124,17.0026710421303,621.034232391337,150,2022-01-20
"Independent by age, Reference: Week, Report: Day of week",2022-01-20,2022-01-07,80+,DE,141,FALSE,1,156.267,156,4.5171798123086,4.4478,148,149,152,153,156,159,160,162,164,166,1.00066188945735,1943.50895688229,2003.45030673158,151,2022-01-20
"Independent by age, Reference: Week and day of week, Report: Day of week",2022-01-20,2022-01-07,80+,DE,141,FALSE,1,155.686,155,4.54210516827603,4.4478,148,149,152,152,155,159,160,162,164,165,1.00403718936316,2121.5535079045,1866.98371075783,150,2022-01-20
"Reference: Fixed, Report: Fixed",2022-01-20,2022-01-08,80+,DE,142,FALSE,7,162.425,162,6.28196677428945,5.9304,152,153,157,158,162,166,168,171,174,176,0.999184314074822,2408.16132670628,1945.85733546614,155,2022-01-20
"Reference: Fixed, Report: Day of week",2022-01-20,2022-01-08,80+,DE,142,FALSE,7,160.37,160,4.9419947041481,4.4478,151,153,156,157,160,164,165,167,169,171,1.00034037606696,1984.75288582317,1961.71526570468,154,2022-01-20
"Reference: Age, Report: Day of week",2022-01-20,2022-01-08,80+,DE,142,FALSE,7,160.1765,160,4.88418625644988,4.4478,151,153,156,157,160,163,164,167,168,171,1.00310983595063,2232.77291642612,2065.04860947697,154,2022-01-20
"Reference: Age and week, Report: Day of week",2022-01-20,2022-01-08,80+,DE,142,FALSE,7,160.072,160,4.96831541662157,4.4478,151,152,156,157,160,163,164,167,169,170,1.00102922595888,1739.73858350428,1828.48575393212,154,2022-01-20
"Reference: Age and week by age, Report: Day of week",2022-01-20,2022-01-08,80+,DE,142,FALSE,7,158.7435,159,6.29003100111577,5.1891,149,150,154,155,159,162,163,166,168,170,1.1216665622973,11.6817180938204,81.5383348546083,152,2022-01-20
"Independent by age, Reference: Week, Report: Day of week",2022-01-20,2022-01-08,80+,DE,142,FALSE,1,159.4405,159,4.97200363637036,4.4478,150,152,155,156,159,163,164,166,168,170,0.99998571958731,2010.39879869638,1958.58929106244,153,2022-01-20
"Independent by age, Reference: Week and day of week, Report: Day of week",2022-01-20,2022-01-08,80+,DE,142,FALSE,1,157.1035,157,4.68163930939918,4.4478,149,150,153,154,157,160,161,163,165,168,0.999822820083245,2157.95003545189,2024.4791371133,151,2022-01-20
"Reference: Fixed, Report: Fixed",2022-01-20,2022-01-09,80+,DE,78,FALSE,7,93.025,92,5.1490417861635,4.4478,85,85,89,89,92,96,97,100,102,105,1.0003218602532,2124.23832207182,1928.66432421647,87,2022-01-20
"Reference: Fixed, Report: Day of week",2022-01-20,2022-01-09,80+,DE,78,FALSE,7,91.455,91,4.29536961157594,4.4478,84,85,88,88,91,94,95,97,99,100.025,1.00075967216673,2140.9286428559,1962.33422508334,86,2022-01-20
"Reference: Age, Report: Day of week",2022-01-20,2022-01-09,80+,DE,78,FALSE,7,91.1625,91,4.22220407531739,4.4478,84,85,88,88,91,94,95,97,99,100,1.00046428276265,2154.54013590399,1650.06154337211,86,2022-01-20
"Reference: Age and week, Report: Day of week",2022-01-20,2022-01-09,80+,DE,78,FALSE,7,91.276,91,4.12884338209103,4.4478,84,85,88,88,91,94,95,97,98,100,1.00102082139479,1923.74222380946,1781.2388224391,86,2022-01-20
"Reference: Age and week by age, Report: Day of week",2022-01-20,2022-01-09,80+,DE,78,FALSE,7,88.883,89,4.18772964024301,2.9652,82,83,86,86,89,91,92,94,95,97,1.00712498076872,1486.72295869708,1657.92471942804,84,2022-01-20
"Independent by age, Reference: Week, Report: Day of week",2022-01-20,2022-01-09,80+,DE,78,FALSE,1,90.1325,90,4.07262039336276,4.4478,83,84,87,87,90,93,93,96,97,99,1.00008811952914,2034.19904816682,1686.55658714753,85,2022-01-20
"Independent by age, Reference: Week and day of week, Report: Day of week",2022-01-20,2022-01-09,80+,DE,78,FALSE,1,89.358,89,3.94431423791306,4.4478,83,83,86,87,89,92,93,94,96,98,1.00284853856139,2078.03777700449,2031.44439257145,84,2022-01-20
"Reference: Fixed, Report: Fixed",2022-01-20,2022-01-10,80+,DE,47,FALSE,7,60.125,60,4.77124274992264,4.4478,52,53,56,57,60,63,64,67,69,71,1.00141652543493,2304.14162472146,1950.33733409281,54,2022-01-20
"Reference: Fixed, Report: Day of week",2022-01-20,2022-01-10,80+,DE,47,FALSE,7,56.501,56,3.52352190333786,2.9652,51,51,54,54,56,59,59,61,63,64,0.999631221377223,2212.15011365891,1910.00478599444,52,2022-01-20
"Reference: Age, Report: Day of week",2022-01-20,2022-01-10,80+,DE,47,FALSE,7,56.123,56,3.39656286849807,2.9652,50,51,53,54,56,58,59,60,62,63,1.00055715294153,1859.29187932076,1822.05439623993,52,2022-01-20
"Reference: Age and week, Report: Day of week",2022-01-20,2022-01-10,80+,DE,47,FALSE,7,56.202,56,3.45791477444046,2.9652,50,51,53,54,56,58,59,61,62,64,1.00128347063175,1884.9265707659,1703.36367567514,52,2022-01-20
"Reference: Age and week by age, Report: Day of week",2022-01-20,2022-01-10,80+,DE,47,FALSE,7,53.98,54,3.33454038508906,2.9652,49,50,51,52,54,56,56,58,60,61,1.09336786824521,15.4273086049627,1017.62533888573,50,2022-01-20
"Independent by age, Reference: Week, Report: Day of week",2022-01-20,2022-01-10,80+,DE,47,FALSE,1,55.107,55,3.22765547726829,2.9652,50,50,52,53,55,57,58,59,61,62,1.00050086621242,1647.56247931923,1908.94175381363,51,2022-01-20
"Independent by age, Reference: Week and day of week, Report: Day of week",2022-01-20,2022-01-10,80+,DE,47,FALSE,1,56.211,56,3.64652266738901,2.9652,50,51,53,54,56,58,59,61,63,64,0.999306899465409,2106.26599789519,1953.96924058234,52,2022-01-20
"Reference: Fixed, Report: Fixed",2022-01-20,2022-01-11,80+,DE,154,FALSE,7,179.685,179,7.65095049792906,7.413,167,168,173,174,179,184,186,190,193.05,197,1.00009876537325,2469.90692549037,2096.76902734982,170,2022-01-20
"Reference: Fixed, Report: Day of week",2022-01-20,2022-01-11,80+,DE,154,FALSE,7,175.5775,175,5.68182499885898,5.9304,165,167,171,172,175,179,180,183,185,187,0.999459121146413,2081.16646837654,1885.28846422018,169,2022-01-20
"Reference: Age, Report: Day of week",2022-01-20,2022-01-11,80+,DE,154,FALSE,7,174.794,174,5.39018469493604,5.9304,165,166,170,171,174,178,179,182,184,186,0.999769750036432,2170.58438216121,1999.7871572723,168,2022-01-20
"Reference: Age and week, Report: Day of week",2022-01-20,2022-01-11,80+,DE,154,FALSE,7,174.537,174,5.71628979185732,5.9304,164.975,166,170,171,174,178,179,182,185,187,1.00209608340447,2090.70133141282,1981.83792803775,168,2022-01-20
"Reference: Age and week by age, Report: Day of week",2022-01-20,2022-01-11,80+,DE,154,FALSE,7,174.8865,175,6.78222803056114,5.9304,165,166,170,171,175,178,179,182,185,187,1.02880377877688,75.4757748630542,355.022400700444,168,2022-01-20
"Independent by age, Reference: Week, Report: Day of week",2022-01-20,2022-01-11,80+,DE,154,FALSE,1,173.4675,173,5.4148503259117,5.9304,164,165,169,170,173,177,178,180.1,183,185,1.00121929083993,1850.4975154013,1972.379515637,167,2022-01-20
"Independent by age, Reference: Week and day of week, Report: Day of week",2022-01-20,2022-01-11,80+,DE,154,FALSE,1,171.6215,171,5.24747613171098,5.9304,162.975,164,167,168,171,175,176,179,181,182,0.999504303312917,1904.5583200612,1997.5009382626,165,2022-01-20
"Reference: Fixed, Report: Fixed",2022-01-20,2022-01-12,80+,DE,150,FALSE,7,186.1945,185,10.0434608229759,10.3782,169,171,178,179,185,193,195,200,204,208,1.00055846230428,2324.23042479834,1948.60654367706,174,2022-01-20
"Reference: Fixed, Report: Day of week",2022-01-20,2022-01-12,80+,DE,150,FALSE,7,180.148,180,6.96500909373692,7.413,167,169,174,175.75,180,185,186,189,192,195,0.99950715005412,2370.5931414724,1860.08606233878,171,2022-01-20
"Reference: Age, Report: Day of week",2022-01-20,2022-01-12,80+,DE,150,FALSE,7,179.149,179,6.99616124285797,7.413,167,168,173,174,179,184,185,188,191,194,1.0003624826238,2309.81428913636,1831.66747519675,170,2022-01-20
"Reference: Age and week, Report: Day of week",2022-01-20,2022-01-12,80+,DE,150,FALSE,7,178.5585,178,6.74042241978933,5.9304,167,168,173,174,178,183,184,187.1,190,193,1.00048373679429,2078.33619819763,1816.2875215204,170,2022-01-20
"Reference: Age and week by age, Report: Day of week",2022-01-20,2022-01-12,80+,DE,150,FALSE,7,179.603,179,8.12473979265485,7.413,167,169,174,175,179,184,185,189,192,194,1.01987933146852,1586.32656838988,840.56531476038,171,2022-01-20
"Independent by age, Reference: Week, Report: Day of week",2022-01-20,2022-01-12,80+,DE,150,FALSE,1,176.7965,176,6.64711816052039,7.413,165,167,171,172,176,181,182,186,188,191,0.999329710336522,2204.15931997201,1620.78624556376,169,2022-01-20
"Independent by age, Reference: Week and day of week, Report: Day of week",2022-01-20,2022-01-12,80+,DE,150,FALSE,1,180.864,180,7.51536721472651,7.413,168,170,174,176,180,186,187,191,194,197,1.000350921029,1930.20428974973,1673.30371829086,172,2022-01-20
"Reference: Fixed, Report: Fixed",2022-01-20,2022-01-13,80+,DE,140,FALSE,7,181.861,181,11.5005134626656,10.3782,163,165,172,174,181,189,191,197,202,207,1.00055637616069,2024.4410584707,1984.0568463012,168,2022-01-20
"Reference: Fixed, Report: Day of week",2022-01-20,2022-01-13,80+,DE,140,FALSE,7,176.059,175,8.03491125647631,7.413,162,164,169,170,175,181,183,187,189,193,0.999604311004738,2069.83109292853,1924.3235076899,166,2022-01-20
"Reference: Age, Report: Day of week",2022-01-20,2022-01-13,80+,DE,140,FALSE,7,175.26,175,7.88032040750009,7.413,161,163,168,170,175,181,182,185,189,191,0.999689847881617,1965.41377443505,2065.81052801391,165,2022-01-20
"Reference: Age and week, Report: Day of week",2022-01-20,2022-01-13,80+,DE,140,FALSE,7,175.43,175,8.21467226493,7.413,161,163,169,170,175,180,182,186,190,194,0.999548363502861,1957.94347400045,1928.73687841502,165,2022-01-20
"Reference: Age and week by age, Report: Day of week",2022-01-20,2022-01-13,80+,DE,140,FALSE,7,178.6355,179,9.99442764954657,8.8956,160,163,171,172,179,185,186,190,193,197,1.19793876830113,7.27446986200923,66.6423236552209,167,2022-01-20
"Independent by age, Reference: Week, Report: Day of week",2022-01-20,2022-01-13,80+,DE,140,FALSE,1,172.8355,172,7.42610350430347,7.413,160,161,167,168,172,178,179,183,185,188,1.00231819346451,1835.92409848641,1743.52968148417,163,2022-01-20
"Independent by age, Reference: Week and day of week, Report: Day of week",2022-01-20,2022-01-13,80+,DE,140,FALSE,1,175.0105,175,8.27729705720935,7.413,160,162,168,169,175,180,181.2,186,189.05,193,0.99990752247449,2244.41593404998,1924.58135895386,165,2022-01-20
"Reference: Fixed, Report: Fixed",2022-01-20,2022-01-14,80+,DE,119,FALSE,7,164.65,163,13.051539040882,13.3434,143,146,154,155,163,173,175,182,187.05,192,1.00343487772149,2357.27020649591,2090.0275367636,149,2022-01-20
"Reference: Fixed, Report: Day of week",2022-01-20,2022-01-14,80+,DE,119,FALSE,7,160.5085,160,8.9596353320122,8.8956,145,147,153,154,160,166,168,172,176,179,0.999826552802511,1896.53139893546,1473.68003142993,149,2022-01-20
"Reference: Age, Report: Day of week",2022-01-20,2022-01-14,80+,DE,119,FALSE,7,159.983,160,9.30376219577316,8.8956,144,146,152,153,160,166,168,172,176,180,0.999186325229738,2111.14514211877,1842.13088930417,148,2022-01-20
"Reference: Age and week, Report: Day of week",2022-01-20,2022-01-14,80+,DE,119,FALSE,7,159.377,159,9.1861887653159,8.8956,143,146,151,153,159,165,167,171.1,175,179,0.999779085519983,2156.56662364591,1907.12306213871,148,2022-01-20
"Reference: Age and week by age, Report: Day of week",2022-01-20,2022-01-14,80+,DE,119,FALSE,7,158.963,159,9.44845318736442,8.8956,142,145,152,153,159,165,166,171,174,177,1.03287924000991,1294.03049275115,252.430006330263,149,2022-01-20
"Independent by age, Reference: Week, Report: Day of week",2022-01-20,2022-01-14,80+,DE,119,FALSE,1,157.6025,157,8.63404697309244,8.8956,142,144,150,152,157,163,165,169,172,176,1.00032218219367,2115.04460683368,1972.99695279759,147,2022-01-20
"Independent by age, Reference: Week and day of week, Report: Day of week",2022-01-20,2022-01-14,80+,DE,119,FALSE,1,156.946,156,8.71234965541783,8.8956,142,143,149,150,156,163,164,169,172,175,1.00193803356037,2078.69742746442,1851.69053180643,146,2022-01-20
"Reference: Fixed, Report: Fixed",2022-01-20,2022-01-15,80+,DE,118,FALSE,7,171.7785,170,15.4160716585871,14.826,147,149,159,161,170,181,184,192,199,208,1.00019201014803,2370.88924025785,1933.58514394927,154,2022-01-20
"Reference: Fixed, Report: Day of week",2022-01-20,2022-01-15,80+,DE,118,FALSE,7,171.805,171,11.1595807771422,11.8608,152,155,162,164,171,179,181,187,190,195,0.999077122946166,2266.58320971826,2075.20294291768,158,2022-01-20
"Reference: Age, Report: Day of week",2022-01-20,2022-01-15,80+,DE,118,FALSE,7,168.284,167,11.0693093192124,10.3782,149,152,159,161,167,175,177,183,187,193,0.99931493382119,2090.10454351645,2001.91544192309,155,2022-01-20
"Reference: Age and week, Report: Day of week",2022-01-20,2022-01-15,80+,DE,118,FALSE,7,168.7425,168,11.0607126095797,10.3782,149,152,159,161,168,176,178,183,189,192,1.00215523392402,2011.95641490229,1871.51063178622,155,2022-01-20
"Reference: Age and week by age, Report: Day of week",2022-01-20,2022-01-15,80+,DE,118,FALSE,7,159.3615,160,11.8786939279837,10.3782,137,140,150,152,160,167,169,173,177,181,1.11378033358059,12.0384555816942,43.4891626653905,144,2022-01-20
"Independent by age, Reference: Week, Report: Day of week",2022-01-20,2022-01-15,80+,DE,118,FALSE,1,167.196,167,10.9636528968415,11.8608,148,151,158,159,167,175,176,182,186,191,0.999647239772571,2001.42940380871,1944.70888133027,154,2022-01-20
"Independent by age, Reference: Week and day of week, Report: Day of week",2022-01-20,2022-01-15,80+,DE,118,FALSE,1,163.0455,162,10.5718641641838,10.3782,145,147,154,156,162,170,172,177,182,186,1.00006677710184,2203.74055682233,1905.04510769952,150,2022-01-20
"Reference: Fixed, Report: Fixed",2022-01-20,2022-01-16,80+,DE,64,FALSE,7,111.826,110,14.5699645137854,13.3434,88,91,100,101,110,120,123,132,139,145,1.00046079714849,2573.55068633987,1885.40048231574,95,2022-01-20
"Reference: Fixed, Report: Day of week",2022-01-20,2022-01-16,80+,DE,64,FALSE,7,107.654,107,10.123908867892,10.3782,90,92,99,100,107,114,116,121,125,130,1.00084341515204,2471.61679031955,1955.25974071369,95,2022-01-20
"Reference: Age, Report: Day of week",2022-01-20,2022-01-16,80+,DE,64,FALSE,7,104.937,104,9.7362430235747,8.8956,88,90,97,98,104,111,113,118,121,125,1.00047403136518,2240.66942670583,1923.14745324093,93,2022-01-20
"Reference: Age and week, Report: Day of week",2022-01-20,2022-01-16,80+,DE,64,FALSE,7,104.7475,104,9.57907213990639,8.8956,88,90,97,98,104,111,113,118,122,125,1.00114246468109,2425.33117088659,1815.73521454097,93,2022-01-20
"Reference: Age and week by age, Report: Day of week",2022-01-20,2022-01-16,80+,DE,64,FALSE,7,94.173,91,11.6685967054542,10.3782,79,80,85,86,91,101,104,110,113.75,113.75,1.45172695811105,3.98697814210426,81.9870513089342,82,2022-01-20
"Independent by age, Reference: Week, Report: Day of week",2022-01-20,2022-01-16,80+,DE,64,FALSE,1,101.9615,101,9.51495059852894,8.8956,85,87,94,96,101,108,110,115,118,122,0.999756849567289,2133.30524215252,1852.1686567931,90,2022-01-20
"Independent by age, Reference: Week and day of week, Report: Day of week",2022-01-20,2022-01-16,80+,DE,64,FALSE,1,98.696,98,8.74933479926988,8.8956,84,86,91,92,98,104,106,110,114,117,0.999781606385986,2394.88883214942,2083.15952232621,88,2022-01-20
"Reference: Fixed, Report: Fixed",2022-01-20,2022-01-17,80+,DE,45,FALSE,7,100.1395,98,18.1711071296484,17.7912,71,75,85,87,98,111,114,124,133,140,1.00041522254898,2477.92716286219,2036.70443696555,79,2022-01-20
"Reference: Fixed, Report: Day of week",2022-01-20,2022-01-17,80+,DE,45,FALSE,7,83.3925,83,10.0715521063496,10.3782,66.975,68,75,76,83,90,91,96,101,106,1.00022883947128,2000.96880226192,1881.14811519766,71,2022-01-20
"Reference: Age, Report: Day of week",2022-01-20,2022-01-17,80+,DE,45,FALSE,7,81.015,80,9.87524861801635,8.8956,64,66,73,74,80,87,89,94,98.05,103,1.00056678282445,2122.72155130985,1754.08241471818,69,2022-01-20
"Reference: Age and week, Report: Day of week",2022-01-20,2022-01-17,80+,DE,45,FALSE,7,81.0635,81,9.33632964690289,8.8956,65,67,73,75,81,87,88,93,98,101,1.00062174136502,2093.88647026601,1762.72705137977,69,2022-01-20
"Reference: Age and week by age, Report: Day of week",2022-01-20,2022-01-17,80+,DE,45,FALSE,7,90.1865,92,15.4300278881898,17.7912,62,65,75,77,92,102,104,109,113,115,1.54989371573979,3.58044157188029,65.3713157440676,68,2022-01-20
"Independent by age, Reference: Week, Report: Day of week",2022-01-20,2022-01-17,80+,DE,45,FALSE,1,77.4985,77,8.78985941663928,8.8956,63,65,70,71,77,83,84,89,93,97,0.999154335002591,1998.29465587734,1805.99637809232,67,2022-01-20
"Independent by age, Reference: Week and day of week, Report: Day of week",2022-01-20,2022-01-17,80+,DE,45,FALSE,1,74.716,74,7.80780538387428,7.413,61,63,68,69,74,80,81,85,88,91,1.00040270157424,2222.58220163715,1902.99974651742,65,2022-01-20
"Reference: Fixed, Report: Fixed",2022-01-20,2022-01-18,80+,DE,142,FALSE,7,250.823,247,33.5661140587722,31.1346,199,204,223,226,247,270,277,295,311,328,1.00003971378184,2334.96515914921,1750.6662922739,212,2022-01-20
"Reference: Fixed, Report: Day of week",2022-01-20,2022-01-18,80+,DE,142,FALSE,7,224.383,223,17.3469815785036,17.7912,193,198,209,212,223,235,238,247,255,262,1.00033012862262,2280.39916633744,1778.75984393448,204,2022-01-20
"Reference: Age, Report: Day of week",2022-01-20,2022-01-18,80+,DE,142,FALSE,7,218.988,218,16.9600907526808,16.3086,188.975,194,205,207,218,230,233,241,248,255,1.00171057275738,1981.15130406773,2049.55665262111,198,2022-01-20
"Reference: Age and week, Report: Day of week",2022-01-20,2022-01-18,80+,DE,142,FALSE,7,217.131,216,16.7396220528791,16.3086,189,193,203,205,216,227,230,239,246,254,0.999916276058087,2119.9869166139,1688.70119925114,197,2022-01-20
"Reference: Age and week by age, Report: Day of week",2022-01-20,2022-01-18,80+,DE,142,FALSE,7,161.0425,155,17.2129845514537,10.3782,145,146,149,150,155,168,171,183,193.75,193.75,1.64505159174702,3.25532073215805,49.1822047146889,147,2022-01-20
"Independent by age, Reference: Week, Report: Day of week",2022-01-20,2022-01-18,80+,DE,142,FALSE,1,219.2325,218,16.9919041355899,16.3086,190,194,205,207,218,229,232,242,250,257,1.00025934266547,1894.86406350774,1734.46697200747,199,2022-01-20
"Independent by age, Reference: Week and day of week, Report: Day of week",2022-01-20,2022-01-18,80+,DE,142,FALSE,1,213.641,212,15.5193603048623,14.826,186,190.95,201,203,212,223,225,234,240,247,1.00041088996056,2144.82276907098,1921.50187324222,195,2022-01-20
"Reference: Fixed, Report: Fixed",2022-01-20,2022-01-19,80+,DE,97,FALSE,7,247.437,237,55.2215785936185,47.4432,170,177.95,203,209,237,276,287,317,351,380.025,1.0024427193829,2758.53446766947,1878.97059423885,189,2022-01-20
"Reference: Fixed, Report: Day of week",2022-01-20,2022-01-19,80+,DE,97,FALSE,7,205.1385,203,24.9058119217933,23.7216,163,168,184,188,203,221,225,238,248,260,0.999578027367038,2309.67492618341,2101.0149624102,176,2022-01-20
"Reference: Age, Report: Day of week",2022-01-20,2022-01-19,80+,DE,97,FALSE,7,197.2375,195,24.262469525251,23.7216,157,162,176,180,195,211,216,230,242,250.025,1.00026079987326,2509.70583449097,2108.27895677187,168,2022-01-20
"Reference: Age and week, Report: Day of week",2022-01-20,2022-01-19,80+,DE,97,FALSE,7,198.4935,196,24.9348116127851,23.7216,156,162,178,181,196,214,219,231,243,256,1.00127203349684,2054.90068321465,1504.52313397895,170,2022-01-20
"Reference: Age and week by age, Report: Day of week",2022-01-20,2022-01-19,80+,DE,97,FALSE,7,123.1575,113,24.7153215093119,10.3782,102,103,107,108,113,131,138,141.25,141.25,141.25,1.34940681072858,4.83888951022803,295.031354334604,105,2022-01-20
"Independent by age, Reference: Week, Report: Day of week",2022-01-20,2022-01-19,80+,DE,97,FALSE,1,195.881,193,22.4563127425451,20.7564,158,163,177,180,193,210,214,224,233,245,0.999973001015842,2000.47304626645,1830.91217514908,169,2022-01-20
"Independent by age, Reference: Week and day of week, Report: Day of week",2022-01-20,2022-01-19,80+,DE,97,FALSE,1,215.67,213,26.1145378006633,25.2042,171,177.95,194,197,213,231,236,251,263,273,1.00075320148286,2152.98546534464,1707.94690409319,185,2022-01-20
"Reference: Fixed, Report: Fixed",2022-01-20,2022-01-20,80+,DE,50,FALSE,7,250.243,229,97.5257278096011,77.0952,126.975,137,175,184,229,292.25,310.2,372.1,438.05,501,1.00073937815417,2696.50917590333,1645.98751666231,153.9,2022-01-20
"Reference: Fixed, Report: Day of week",2022-01-20,2022-01-20,80+,DE,50,FALSE,7,183.4275,177,40.7976956424608,38.5476,121,129,149,154,177,207,214,239,258,278,1.00076089994295,2929.08246652564,1850.45850779678,138,2022-01-20
"Reference: Age, Report: Day of week",2022-01-20,2022-01-20,80+,DE,50,FALSE,7,175.15,170,39.0114784098714,37.065,113,122,142,147.75,170,197,204,226,247,267,0.999905429633635,2603.65944114526,1624.33207691209,131,2022-01-20
"Reference: Age and week, Report: Day of week",2022-01-20,2022-01-20,80+,DE,50,FALSE,7,175.931,171,40.1637249442915,38.5476,114,122,141,147,171,198,206,230,248,270.05,1.0012923452604,3002.15563276292,1482.37302408541,130,2022-01-20
"Reference: Age and week by age, Report: Day of week",2022-01-20,2022-01-20,80+,DE,50,FALSE,7,105.6785,94,35.3828929329719,17.7912,69,72,82,84,94,114,117.5,117.5,117.5,117.5,1.18611329880223,15.0624400338731,131.490604489689,77,2022-01-20
"Independent by age, Reference: Week, Report: Day of week",2022-01-20,2022-01-20,80+,DE,50,FALSE,1,181.054,176,37.7284216592803,35.5824,122,129,150,154.75,176,202,210,229,247.05,265,1.00168709177411,2472.26056144318,1799.30752127841,138,2022-01-20
"Independent by age, Reference: Week and day of week, Report: Day of week",2022-01-20,2022-01-20,80+,DE,50,FALSE,1,209.698,205,42.9025419999215,40.0302,145,151,173,178,205,234,242,265,285,306.025,1.00083776407985,2586.06277757281,1860.00784318417,160,2022-01-20
"Independent by age, Reference: Week and day of week, Report: Day of week",2022-01-20,2021-12-12,00+,DE-BB,18,FALSE,1,18,18,0,0,18,18,18,18,18,18,18,18,18,18,,,,18,2022-01-20
"Independent by age, Reference: Week and day of week, Report: Day of week",2022-01-20,2021-12-13,00+,DE-BB,18,FALSE,1,18.054,18,0.241066498145769,0,18,18,18,18,18,18,18,18,19,19,0.99931356115611,2020.02745019097,1996.25069192154,18,2022-01-20
"Independent by age, Reference: Week and day of week, Report: Day of week",2022-01-20,2021-12-14,00+,DE-BB,57,FALSE,1,57.171,57,0.414541822330667,0,57,57,57,57,57,57,57,58,58,58,0.999025260495213,1988.25122478095,1905.45657158521,57,2022-01-20
"Independent by age, Reference: Week and day of week, Report: Day of week",2022-01-20,2021-12-15,00+,DE-BB,70,FALSE,1,70.492,70,0.779255811534252,0,70,70,70,70,70,71,71,72,72,72,1.00187183496478,1865.24514002233,1835.3520726859,70,2022-01-20
"Independent by age, Reference: Week and day of week, Report: Day of week",2022-01-20,2021-12-16,00+,DE-BB,49,FALSE,1,49.5395,49,0.764677785775178,0,49,49,49,49,49,50,50,51,51,51,0.999378506850758,1993.90388280247,1981.8188860493,49,2022-01-20
"Independent by age, Reference: Week and day of week, Report: Day of week",2022-01-20,2021-12-17,00+,DE-BB,49,FALSE,1,49.8295,50,0.996958732022885,1.4826,49,49,49,49,50,50,50,51,52,52,0.999836009864299,1863.06319882076,1806.14419487741,49,2022-01-20
"Independent by age, Reference: Week and day of week, Report: Day of week",2022-01-20,2021-12-18,00+,DE-BB,66,FALSE,1,67.2905,67,1.25813401535778,1.4826,66,66,66,66,67,68,68,69,70,70,1.00083946202999,2030.39189109796,1894.52607809978,66,2022-01-20
"Independent by age, Reference: Week and day of week, Report: Day of week",2022-01-20,2021-12-19,00+,DE-BB,25,FALSE,1,25.7815,26,0.981957162983685,1.4826,25,25,25,25,26,26,26,27,28,28,0.999408215769788,1850.08016633813,1736.68144477184,25,2022-01-20
"Independent by age, Reference: Week and day of week, Report: Day of week",2022-01-20,2021-12-20,00+,DE-BB,14,FALSE,1,14.55,14,0.786644395328888,0,14,14,14,14,14,15,15,16,16,16.0249999999999,0.999330075946471,1977.30253572807,1836.48351783152,14,2022-01-20
"Independent by age, Reference: Week and day of week, Report: Day of week",2022-01-20,2021-12-21,00+,DE-BB,62,FALSE,1,63.242,63,1.23741731069207,1.4826,62,62,62,62,63,64,64,65,65,66,0.999637690109355,2106.08109433639,2038.43401401411,62,2022-01-20
"Independent by age, Reference: Week and day of week, Report: Day of week",2022-01-20,2021-12-22,00+,DE-BB,51,FALSE,1,52.8575,53,1.50010629938506,1.4826,51,51,52,52,53,54,54,55,56,56,1.00132858567145,1760.56818547821,1564.46793230603,51,2022-01-20
"Independent by age, Reference: Week and day of week, Report: Day of week",2022-01-20,2021-12-23,00+,DE-BB,38,FALSE,1,39.726,39,1.45636001464134,1.4826,38,38,38,39,39,41,41,42,43,43,1.00252116193755,1900.21874422384,1946.21634325874,38,2022-01-20
"Independent by age, Reference: Week and day of week, Report: Day of week",2022-01-20,2021-12-24,00+,DE-BB,32,FALSE,1,33.788,34,1.47449756579513,1.4826,32,32,33,33,34,35,35,36,37,37,1.00004386925398,2024.1856858017,1835.30487042981,32,2022-01-20
"Independent by age, Reference: Week and day of week, Report: Day of week",2022-01-20,2021-12-25,00+,DE-BB,8,FALSE,1,8.7755,9,0.915160373516373,1.4826,8,8,8,8,9,9,9,10,11,11,0.99975505929203,2042.88319093869,1976.72415473335,8,2022-01-20
"Independent by age, Reference: Week and day of week, Report: Day of week",2022-01-20,2021-12-26,00+,DE-BB,12,FALSE,1,12.847,13,0.979832146603569,1.4826,12,12,12,12,13,13,14,14,15,15,1.00166533876192,1747.82961213635,1623.38304068128,12,2022-01-20
"Independent by age, Reference: Week and day of week, Report: Day of week",2022-01-20,2021-12-27,00+,DE-BB,5,FALSE,1,5.703,5,0.890048927613967,0,5,5,5,5,5,6,6,7,7,8,0.999273862529345,2197.48900329983,2008.73684359727,5,2022-01-20
"Independent by age, Reference: Week and day of week, Report: Day of week",2022-01-20,2021-12-28,00+,DE-BB,36,FALSE,1,38.14,38,1.7612356388308,1.4826,36,36,37,37,38,39,39,41,41,42,1.00055008307476,2096.90767630605,2036.45719924938,36,2022-01-20
"Independent by age, Reference: Week and day of week, Report: Day of week",2022-01-20,2021-12-29,00+,DE-BB,47,FALSE,1,51.0705,51,2.43690356795253,2.9652,47,48,49,49,51,52,53,54,55.05,57,1.00029458125322,2148.52261457359,2031.7733579727,48,2022-01-20
"Independent by age, Reference: Week and day of week, Report: Day of week",2022-01-20,2021-12-30,00+,DE-BB,48,FALSE,1,53.1455,53,2.85296327521489,2.9652,49,49,51,51,53,55,55,57,58,60,1.0005676851447,1902.57974606882,1900.41221072103,50,2022-01-20
"Independent by age, Reference: Week and day of week, Report: Day of week",2022-01-20,2021-12-31,00+,DE-BB,38,FALSE,1,42.5825,42,2.57147817412476,2.9652,39,39,40,41,42,44,45,46,47,48,0.999296053392614,1928.18919024367,1962.83866573312,39.9,2022-01-20
"Independent by age, Reference: Week and day of week, Report: Day of week",2022-01-20,2022-01-01,00+,DE-BB,16,FALSE,1,18.377,18,1.76307266231608,1.4826,16,16,17,17,18,19,20,21,22,23,1.00149188375579,1840.03300381985,1753.10491440901,16,2022-01-20
"Independent by age, Reference: Week and day of week, Report: Day of week",2022-01-20,2022-01-02,00+,DE-BB,8,FALSE,1,9.4235,9,1.35427647930221,1.4826,8,8,8,8,9,10,10,11,12,13,1.00043479369308,1982.44248171371,2007.04482127037,8,2022-01-20
"Independent by age, Reference: Week and day of week, Report: Day of week",2022-01-20,2022-01-03,00+,DE-BB,6,FALSE,1,7.4735,7,1.37121765921187,1.4826,6,6,6,6,7,8,8,9,10,11,1.00221629428672,2040.92096082377,1831.43860660713,6,2022-01-20
"Independent by age, Reference: Week and day of week, Report: Day of week",2022-01-20,2022-01-04,00+,DE-BB,46,FALSE,1,51.269,51,2.79330275303897,2.9652,47,47,49,49,51,53,54,55,56,57,1.00061546345957,2078.06822589033,1848.99474944218,48,2022-01-20
"Independent by age, Reference: Week and day of week, Report: Day of week",2022-01-20,2022-01-05,00+,DE-BB,54,FALSE,1,61.1675,61,3.53449997808,2.9652,56,56,58,59,61,63,64,66,67,69,1.00027568067726,1849.48311668955,1736.33867946133,57,2022-01-20
"Independent by age, Reference: Week and day of week, Report: Day of week",2022-01-20,2022-01-06,00+,DE-BB,39,FALSE,1,45.829,46,3.31047407772809,2.9652,41,41,43,43,46,48,48,50,52,53,0.999464526302727,2101.80534337753,2010.16974253892,42,2022-01-20
"Independent by age, Reference: Week and day of week, Report: Day of week",2022-01-20,2022-01-07,00+,DE-BB,24,FALSE,1,29.882,29,2.98907063677589,2.9652,25,26,27,28,29,32,32,34,35,36.0249999999999,0.999923909525277,2034.54775167889,1742.2772756649,26,2022-01-20
"Independent by age, Reference: Week and day of week, Report: Day of week",2022-01-20,2022-01-08,00+,DE-BB,18,FALSE,1,21.8205,22,2.33066422889998,2.9652,18,19,20,20,22,23,24,25,26,27,1.00050380134169,1802.41974937614,1879.5114700225,19,2022-01-20
"Independent by age, Reference: Week and day of week, Report: Day of week",2022-01-20,2022-01-09,00+,DE-BB,6,FALSE,1,8.15,8,1.68015221207124,1.4826,6,6,7,7,8,9,9,10,11,12,0.999326873047518,2018.66288784193,1885.7876275454,6,2022-01-20
"Independent by age, Reference: Week and day of week, Report: Day of week",2022-01-20,2022-01-10,00+,DE-BB,6,FALSE,1,8.1945,8,1.72079932739485,1.4826,6,6,7,7,8,9,9,10,11,12,1.00185717635663,2159.45378892872,1910.18953477532,6,2022-01-20
"Independent by age, Reference: Week and day of week, Report: Day of week",2022-01-20,2022-01-11,00+,DE-BB,20,FALSE,1,23.9935,24,2.51547640831322,2.9652,20,21,22,22,24,25,26,27,29,30,1.00398818086231,1910.77361955777,2093.33616125771,21,2022-01-20
"Independent by age, Reference: Week and day of week, Report: Day of week",2022-01-20,2022-01-12,00+,DE-BB,20,FALSE,1,24.422,24,2.63332170301993,2.9652,20,21,22,22,24,26,26.2,28,29,30.0249999999999,0.999243801708312,1878.74488226773,1829.63396146323,21,2022-01-20
"Independent by age, Reference: Week and day of week, Report: Day of week",2022-01-20,2022-01-13,00+,DE-BB,16,FALSE,1,21.791,21,3.38512164098458,2.9652,17,17,19,19,21,23,24,26,28,30,1.00018821260195,2377.6236223745,2022.39123927908,18,2022-01-20
"Independent by age, Reference: Week and day of week, Report: Day of week",2022-01-20,2022-01-14,00+,DE-BB,13,FALSE,1,20.0825,19,3.82910234420304,2.9652,14,15,17,17,19,22,23,25,27,29,0.999439468135007,2126.77990377718,1798.36805839737,16,2022-01-20
"Independent by age, Reference: Week and day of week, Report: Day of week",2022-01-20,2022-01-15,00+,DE-BB,12,FALSE,1,17.162,17,3.02511680201491,2.9652,13,13,15,15,17,19,19,21,23,24,0.999615036852717,2255.3586411806,1948.17664370796,14,2022-01-20
"Independent by age, Reference: Week and day of week, Report: Day of week",2022-01-20,2022-01-16,00+,DE-BB,5,FALSE,1,8.8075,8,2.55532945122584,2.9652,5,5,7,7,8,10,11,12,14,15,1.00020303956926,2114.58234897027,1976.35681797965,6,2022-01-20
"Independent by age, Reference: Week and day of week, Report: Day of week",2022-01-20,2022-01-17,00+,DE-BB,5,FALSE,1,9.1455,9,2.71569830036941,2.9652,5,6,7,7,9,11,11,13,14,16,1.00018599352194,2114.11787585731,1944.21758402406,6,2022-01-20
"Independent by age, Reference: Week and day of week, Report: Day of week",2022-01-20,2022-01-18,00+,DE-BB,11,FALSE,1,16.5275,16,3.77721821433702,2.9652,12,12,13,14,16,18,19,21.1000000000001,24,26,0.999589166392536,1987.23332720901,1763.73243337698,12.9,2022-01-20
"Independent by age, Reference: Week and day of week, Report: Day of week",2022-01-20,2022-01-19,00+,DE-BB,14,FALSE,1,22.217,21,5.33892902008828,4.4478,15,16,18,19,21,25,26,29,32,35,1.0009229276544,1840.14401755136,1876.92123948659,17,2022-01-20
"Independent by age, Reference: Week and day of week, Report: Day of week",2022-01-20,2022-01-20,00+,DE-BB,14,FALSE,1,30.768,28,12.2709602000869,8.8956,17,18,22,23,28,35,37.2,45,54,62,1.00002790905473,2294.77555188594,2016.56133699867,20,2022-01-20
"Independent by age, Reference: Week and day of week, Report: Day of week",2022-01-20,2021-12-12,00+,DE-BE,3,FALSE,1,3,3,0,0,3,3,3,3,3,3,3,3,3,3,,,,3,2022-01-20
"Independent by age, Reference: Week and day of week, Report: Day of week",2022-01-20,2021-12-13,00+,DE-BE,10,FALSE,1,10.002,10,0.0446877891515079,0,10,10,10,10,10,10,10,10,10,10,0.998999499499374,2016.17790850835,2016.17790850835,10,2022-01-20
"Independent by age, Reference: Week and day of week, Report: Day of week",2022-01-20,2021-12-14,00+,DE-BE,62,FALSE,1,62.0195,62,0.14187957889511,0,62,62,62,62,62,62,62,62,62,62,1.00002274645568,2086.74091633065,2087.32434615402,62,2022-01-20
"Independent by age, Reference: Week and day of week, Report: Day of week",2022-01-20,2021-12-15,00+,DE-BE,53,FALSE,1,53.0235,53,0.151523033281437,0,53,53,53,53,53,53,53,53,53,53,1.00024175204844,2107.39661037176,2107.39661037176,53,2022-01-20
"Independent by age, Reference: Week and day of week, Report: Day of week",2022-01-20,2021-12-16,00+,DE-BE,45,FALSE,1,45.0375,45,0.190031065625996,0,45,45,45,45,45,45,45,45,45,46,1.00138085300832,1939.71799644185,1939.71799644185,45,2022-01-20
"Independent by age, Reference: Week and day of week, Report: Day of week",2022-01-20,2021-12-17,00+,DE-BE,41,FALSE,1,41.087,41,0.295761284431692,0,41,41,41,41,41,41,41,41,42,42,0.999355609764782,1957.24012972815,1612.73963069522,41,2022-01-20
"Independent by age, Reference: Week and day of week, Report: Day of week",2022-01-20,2021-12-18,00+,DE-BE,25,FALSE,1,25.0525,25,0.229717511451639,0,25,25,25,25,25,25,25,25,26,26,0.999706648082892,2177.31848071208,2011.64928917712,25,2022-01-20
"Independent by age, Reference: Week and day of week, Report: Day of week",2022-01-20,2021-12-19,00+,DE-BE,2,FALSE,1,2.0135,2,0.115431417760084,0,2,2,2,2,2,2,2,2,2,2,1.00084069773932,1906.77965542949,1906.77965542947,2,2022-01-20
"Independent by age, Reference: Week and day of week, Report: Day of week",2022-01-20,2021-12-20,00+,DE-BE,2,FALSE,1,2.0295,2,0.17505734070946,0,2,2,2,2,2,2,2,2,2,3,0.999518675766085,1978.02234775159,1970.61388246118,2,2022-01-20
"Independent by age, Reference: Week and day of week, Report: Day of week",2022-01-20,2021-12-21,00+,DE-BE,37,FALSE,1,37.1725,37,0.435704796088668,0,37,37,37,37,37,37,37,38,38,38,0.999668081743687,1963.73562516793,1642.14122481077,37,2022-01-20
"Independent by age, Reference: Week and day of week, Report: Day of week",2022-01-20,2021-12-22,00+,DE-BE,39,FALSE,1,39.2125,39,0.482141037446508,0,39,39,39,39,39,39,39,40,40,40.0249999999999,1.0009528057243,1962.99733557406,1943.0177561616,39,2022-01-20
"Independent by age, Reference: Week and day of week, Report: Day of week",2022-01-20,2021-12-23,00+,DE-BE,41,FALSE,1,41.335,41,0.62527632710876,0,41,41,41,41,41,42,42,42,43,43,0.999356514087882,2029.1996734553,1930.97745444179,41,2022-01-20
"Independent by age, Reference: Week and day of week, Report: Day of week",2022-01-20,2021-12-24,00+,DE-BE,20,FALSE,1,20.2555,20,0.5369952811394,0,20,20,20,20,20,20,21,21,21,22,0.999307579868856,1889.23487813139,2037.65070103304,20,2022-01-20
"Independent by age, Reference: Week and day of week, Report: Day of week",2022-01-20,2021-12-25,00+,DE-BE,6,FALSE,1,6.133,6,0.383907140264639,0,6,6,6,6,6,6,6,7,7,7,1.00008164650028,2212.02349771064,2058.79645002908,6,2022-01-20
"Independent by age, Reference: Week and day of week, Report: Day of week",2022-01-20,2021-12-26,00+,DE-BE,2,FALSE,1,2.0635,2,0.259810509314722,0,2,2,2,2,2,2,2,2,3,3,0.999053040260123,1991.19089557699,2009.15941816018,2,2022-01-20
"Independent by age, Reference: Week and day of week, Report: Day of week",2022-01-20,2021-12-27,00+,DE-BE,10,FALSE,1,10.24,10,0.519167378967219,0,10,10,10,10,10,10,11,11,11,12,1.00306422954715,1916.47672274035,1885.55080016677,10,2022-01-20
"Independent by age, Reference: Week and day of week, Report: Day of week",2022-01-20,2021-12-28,00+,DE-BE,38,FALSE,1,38.555,38,0.804548724021524,0,38,38,38,38,38,39,39,40,40,41,1.00006159304362,2019.38392391079,1996.09224575056,38,2022-01-20
"Independent by age, Reference: Week and day of week, Report: Day of week",2022-01-20,2021-12-29,00+,DE-BE,39,FALSE,1,39.7895,40,0.938418917665515,1.4826,39,39,39,39,40,40,40,41,42,42,1.00015435859198,2020.83886157464,1921.01614723328,39,2022-01-20
"Independent by age, Reference: Week and day of week, Report: Day of week",2022-01-20,2021-12-30,00+,DE-BE,31,FALSE,1,31.779,31,1.00132928158777,0,31,31,31,31,31,32,32,33,34,34,1.00077896860059,1766.7731466202,1892.82987233157,31,2022-01-20
"Independent by age, Reference: Week and day of week, Report: Day of week",2022-01-20,2021-12-31,00+,DE-BE,29,FALSE,1,30.2505,30,1.25958049425622,1.4826,29,29,29,29,30,31,31,32,33,33,1.00023718353432,1696.32659163411,1830.76308401574,29,2022-01-20
"Independent by age, Reference: Week and day of week, Report: Day of week",2022-01-20,2022-01-01,00+,DE-BE,5,FALSE,1,5.4485,5,0.703274517897358,0,5,5,5,5,5,6,6,6,7,7,1.00232725214531,1598.34616218915,1551.27425713781,5,2022-01-20
"Independent by age, Reference: Week and day of week, Report: Day of week",2022-01-20,2022-01-02,00+,DE-BE,6,FALSE,1,6.4025,6,0.706217474692308,0,6,6,6,6,6,7,7,7,8,8,0.999381063469498,2018.18738532947,1894.79461324405,6,2022-01-20
"Independent by age, Reference: Week and day of week, Report: Day of week",2022-01-20,2022-01-03,00+,DE-BE,7,FALSE,1,7.5015,7,0.753844739283543,0,7,7,7,7,7,8,8,8,9,9,0.99994960686288,2158.34161791688,1988.58009406989,7,2022-01-20
"Independent by age, Reference: Week and day of week, Report: Day of week",2022-01-20,2022-01-04,00+,DE-BE,53,FALSE,1,55.268,55,1.76571086745076,1.4826,53,53,54,54,55,56,57,58,59,59,1.00090226944468,1946.59836136489,1994.33282598241,53,2022-01-20
"Independent by age, Reference: Week and day of week, Report: Day of week",2022-01-20,2022-01-05,00+,DE-BE,48,FALSE,1,50.557,50,1.95157765094393,1.4826,48,48,49,49,50,52,52,53,54,55,1.00020522022574,1947.19680631865,1905.53047170075,48,2022-01-20
"Independent by age, Reference: Week and day of week, Report: Day of week",2022-01-20,2022-01-06,00+,DE-BE,36,FALSE,1,38.304,38,1.7796537820014,1.4826,36,36,37,37,38,39,40,41,42,42,1.00075674002912,1926.22622543436,1859.97077701551,36,2022-01-20
"Independent by age, Reference: Week and day of week, Report: Day of week",2022-01-20,2022-01-07,00+,DE-BE,36,FALSE,1,40.42,40,2.74834071547619,2.9652,36,37,38,38,40,42,42,44,45,47,1.00065638956808,1999.65834870116,1918.72514503645,37,2022-01-20
"Independent by age, Reference: Week and day of week, Report: Day of week",2022-01-20,2022-01-08,00+,DE-BE,42,FALSE,1,48.571,48,3.69510296107517,2.9652,43,44,46,46,48,51,51,54,55,57,1.0007494241461,1831.34825675911,1721.42677642618,44,2022-01-20
"Independent by age, Reference: Week and day of week, Report: Day of week",2022-01-20,2022-01-09,00+,DE-BE,19,FALSE,1,22.624,22,2.96934883707828,2.9652,19,19,20,20,22,24,25,26,28,30,1.00039827646545,1773.49744171263,1713.83700895553,20,2022-01-20
"Independent by age, Reference: Week and day of week, Report: Day of week",2022-01-20,2022-01-10,00+,DE-BE,0,FALSE,1,0.739,0,0.994672653109264,0,0,0,0,0,0,1,1,2,3,3,0.999340511972761,1547.35631659303,1420.51292722601,0,2022-01-20
"Independent by age, Reference: Week and day of week, Report: Day of week",2022-01-20,2022-01-11,00+,DE-BE,46,FALSE,1,54.6825,54,4.66375053304926,4.4478,48,49,51,51,54,57,58,61,63,66,1.00062943253467,1871.9488857417,1968.07179688115,50,2022-01-20
"Independent by age, Reference: Week and day of week, Report: Day of week",2022-01-20,2022-01-12,00+,DE-BE,45,FALSE,1,54.435,54,5.06434584121184,4.4478,47,48,50,51,54,57,58,61,64,66.0249999999999,1.00191066697746,1867.43764094187,1793.65463753492,49,2022-01-20
"Independent by age, Reference: Week and day of week, Report: Day of week",2022-01-20,2022-01-13,00+,DE-BE,52,FALSE,1,63.616,63,5.86436180412539,5.9304,55,56,59,59,63,67,68,72,75,78,1.00123191377896,1790.30678344984,1650.76246882872,57,2022-01-20
"Independent by age, Reference: Week and day of week, Report: Day of week",2022-01-20,2022-01-14,00+,DE-BE,30,FALSE,1,40.51,40,5.20119469094424,4.4478,32,33,36,37,40,43,44,47,50,52,0.999579070965919,1880.98491258356,1757.69625148956,34,2022-01-20
"Independent by age, Reference: Week and day of week, Report: Day of week",2022-01-20,2022-01-15,00+,DE-BE,22,FALSE,1,28.468,28,4.01995721718702,2.9652,23,23,25,26,28,31,32,34,36,38,1.00067588029856,1880.02304776023,1811.49781827432,24,2022-01-20
"Independent by age, Reference: Week and day of week, Report: Day of week",2022-01-20,2022-01-16,00+,DE-BE,6,FALSE,1,11.054,10,3.89097080776937,2.9652,6,7,8,8,10,13,14,16,18,21,0.999796658308293,1812.56006053715,1804.83825612794,7,2022-01-20
"Independent by age, Reference: Week and day of week, Report: Day of week",2022-01-20,2022-01-17,00+,DE-BE,3,FALSE,1,5.89,5,2.47809815891999,1.4826,3,3,4,4,5,7,8,9,10,12,1.0002242951641,2165.02415639312,2033.01029158343,3,2022-01-20
"Independent by age, Reference: Week and day of week, Report: Day of week",2022-01-20,2022-01-18,00+,DE-BE,30,FALSE,1,39.4235,38,6.07400975857577,4.4478,31,32,35,35,38,42,43,47,51,55,1.00085653166701,1777.51618439946,1709.67309998737,33,2022-01-20
"Independent by age, Reference: Week and day of week, Report: Day of week",2022-01-20,2022-01-19,00+,DE-BE,10,FALSE,1,16.7865,16,5.56141910318047,4.4478,10,11,13,13,16,19,20,24,27,31,0.999946398235063,1953.7520376974,1904.39796935893,11,2022-01-20
"Independent by age, Reference: Week and day of week, Report: Day of week",2022-01-20,2022-01-20,00+,DE-BE,11,FALSE,1,22.4,20,10.4452166696358,7.413,12,13,15,16,20,25,28,34,41,49,0.999887539946379,1948.6939456265,1671.30781317754,14,2022-01-20
"Independent by age, Reference: Week and day of week, Report: Day of week",2022-01-20,2021-12-12,00+,DE-BW,141,FALSE,1,141,141,0,0,141,141,141,141,141,141,141,141,141,141,,,,141,2022-01-20
"Independent by age, Reference: Week and day of week, Report: Day of week",2022-01-20,2021-12-13,00+,DE-BW,56,FALSE,1,56.017,56,0.133115964219041,0,56,56,56,56,56,56,56,56,56,56,0.999845814798225,1929.24301560173,1924.68851726534,56,2022-01-20
"Independent by age, Reference: Week and day of week, Report: Day of week",2022-01-20,2021-12-14,00+,DE-BW,144,FALSE,1,144.0835,144,0.294229562616945,0,144,144,144,144,144,144,144,144,145,145,1.00276869377573,1734.87827682144,1739.15259634987,144,2022-01-20
"Independent by age, Reference: Week and day of week, Report: Day of week",2022-01-20,2021-12-15,00+,DE-BW,215,FALSE,1,215.2815,215,0.544431770726588,0,215,215,215,215,215,215,216,216,216,217,0.999771490271007,1808.84263461328,1752.48901829848,215,2022-01-20
"Independent by age, Reference: Week and day of week, Report: Day of week",2022-01-20,2021-12-16,00+,DE-BW,187,FALSE,1,187.367,187,0.640715426791852,0,187,187,187,187,187,188,188,188,189,189,0.999476208730618,1946.15195924987,1813.94057930242,187,2022-01-20
"Independent by age, Reference: Week and day of week, Report: Day of week",2022-01-20,2021-12-17,00+,DE-BW,178,FALSE,1,178.558,178,0.770670465557907,0,178,178,178,178,178,179,179,180,180,181,1.00043465343458,1825.72688672872,1898.29086391297,178,2022-01-20
"Independent by age, Reference: Week and day of week, Report: Day of week",2022-01-20,2021-12-18,00+,DE-BW,150,FALSE,1,150.625,150,0.822017552384506,0,150,150,150,150,150,151,151,152,152,153,1.00005698399771,2045.54636116234,1948.74616177037,150,2022-01-20
"Independent by age, Reference: Week and day of week, Report: Day of week",2022-01-20,2021-12-19,00+,DE-BW,127,FALSE,1,127.8255,128,0.941537570412487,1.4826,127,127,127,127,128,128,128,129,130,130,1.00050855516365,2032.88878291541,1806.63591760923,127,2022-01-20
"Independent by age, Reference: Week and day of week, Report: Day of week",2022-01-20,2021-12-20,00+,DE-BW,63,FALSE,1,63.465,63,0.701442093479749,0,63,63,63,63,63,64,64,64,65,65,0.999686510758223,1887.56753426886,1958.71407251186,63,2022-01-20
"Independent by age, Reference: Week and day of week, Report: Day of week",2022-01-20,2021-12-21,00+,DE-BW,112,FALSE,1,112.909,113,1.00609398793367,1.4826,112,112,112,112,113,113,114,114,115,115,1.00016758988166,1899.9647092773,1962.36566853289,112,2022-01-20
"Independent by age, Reference: Week and day of week, Report: Day of week",2022-01-20,2021-12-22,00+,DE-BW,139,FALSE,1,140.62,140,1.37497100792574,1.4826,139,139,139,140,140,141,142,142,143,144,1.00013907993346,1907.57042671339,1860.94964170545,139,2022-01-20
"Independent by age, Reference: Week and day of week, Report: Day of week",2022-01-20,2021-12-23,00+,DE-BW,138,FALSE,1,140.0715,140,1.58576324605417,1.4826,138,138,139,139,140,141,141,142,143,144,1.00087529328926,1837.29886837414,2009.09113881258,138,2022-01-20
"Independent by age, Reference: Week and day of week, Report: Day of week",2022-01-20,2021-12-24,00+,DE-BW,134,FALSE,1,136.381,136,1.74738824616667,1.4826,134,134,135,135,136,137,138,139,140,140,0.99942971285718,1772.41227756553,1542.04111116823,134,2022-01-20
"Independent by age, Reference: Week and day of week, Report: Day of week",2022-01-20,2021-12-25,00+,DE-BW,62,FALSE,1,63.3545,63,1.22089108339719,1.4826,62,62,62,62,63,64,64,65,66,66,1.00262096210481,1837.03162205554,1857.36242104833,62,2022-01-20
"Independent by age, Reference: Week and day of week, Report: Day of week",2022-01-20,2021-12-26,00+,DE-BW,47,FALSE,1,48.2565,48,1.19642110551882,1.4826,47,47,47,47,48,49,49,50,50.05,51,1.00050979158392,1652.93303381388,1853.4294691609,47,2022-01-20
"Independent by age, Reference: Week and day of week, Report: Day of week",2022-01-20,2021-12-27,00+,DE-BW,53,FALSE,1,54.366,54,1.21399377693843,1.4826,53,53,53,53,54,55,55,56,57,57,0.999319341525139,1872.89384486925,1776.82681905109,53,2022-01-20
"Independent by age, Reference: Week and day of week, Report: Day of week",2022-01-20,2021-12-28,00+,DE-BW,99,FALSE,1,101.469,101,1.72873747765047,1.4826,99,99,100,100,101,102,103,104,105,105,1.00100533171138,1696.93676136731,1971.93884131468,99,2022-01-20
"Independent by age, Reference: Week and day of week, Report: Day of week",2022-01-20,2021-12-29,00+,DE-BW,138,FALSE,1,143.207,143,2.65851177210506,2.9652,139,139,141,141,143,145,145,147,148,149,0.999576337807183,1656.27897935023,1841.45969797547,140,2022-01-20
"Independent by age, Reference: Week and day of week, Report: Day of week",2022-01-20,2021-12-30,00+,DE-BW,116,FALSE,1,121.4005,121,2.8048232148628,2.9652,117,117,119,119,121,123,124,125,126,128,1.00079822158309,1994.90413705922,1733.30880418418,118,2022-01-20
"Independent by age, Reference: Week and day of week, Report: Day of week",2022-01-20,2021-12-31,00+,DE-BW,120,FALSE,1,125.7555,125,2.915813906162,2.9652,121,122,123,124,125,127,128,130,131,132,0.999991667586064,1576.55241174157,1749.46739432536,122,2022-01-20
"Independent by age, Reference: Week and day of week, Report: Day of week",2022-01-20,2022-01-01,00+,DE-BW,61,FALSE,1,64.437,64,2.03177140631611,1.4826,61,62,63,63,64,66,66,67,68,69,1.00019059221928,1836.15555331623,1819.45587691976,62,2022-01-20
"Independent by age, Reference: Week and day of week, Report: Day of week",2022-01-20,2022-01-02,00+,DE-BW,39,FALSE,1,41.6015,41,1.76614194749158,1.4826,39,39,40,40,41,43,43,44,45,46,1.00041296789955,2043.82099826907,1896.73602109552,40,2022-01-20
"Independent by age, Reference: Week and day of week, Report: Day of week",2022-01-20,2022-01-03,00+,DE-BW,38,FALSE,1,40.333,40,1.68271410625266,1.4826,38,38,39,39,40,41,42,43,43,44,0.999906176199621,1956.67183794424,1730.84407521533,38,2022-01-20
"Independent by age, Reference: Week and day of week, Report: Day of week",2022-01-20,2022-01-04,00+,DE-BW,76,FALSE,1,80.8365,81,2.51115923635981,2.9652,77,77,79,79,81,82,83,84,85,87,0.999257765017666,1877.75886378159,1860.36987049458,78,2022-01-20
"Independent by age, Reference: Week and day of week, Report: Day of week",2022-01-20,2022-01-05,00+,DE-BW,142,FALSE,1,153.4255,153,4.31888598345326,4.4478,146,147,150,150,153,156,157,159,161,163,1.00147203403928,1813.9884703624,1873.98533302929,148,2022-01-20
"Independent by age, Reference: Week and day of week, Report: Day of week",2022-01-20,2022-01-06,00+,DE-BW,108,FALSE,1,118.3015,118,4.09047231158774,4.4478,111,112,115,115,118,121,122,124,126,128,1.00011316381476,1823.14310897311,1671.99865464552,113,2022-01-20
"Independent by age, Reference: Week and day of week, Report: Day of week",2022-01-20,2022-01-07,00+,DE-BW,44,FALSE,1,50.4135,50,3.03201489230406,2.9652,46,46,48,48,50,52,53,54,56,57,1.00019396360811,1939.26106826566,1914.61805913637,47,2022-01-20
"Independent by age, Reference: Week and day of week, Report: Day of week",2022-01-20,2022-01-08,00+,DE-BW,73,FALSE,1,80.872,81,3.5566755503539,2.9652,75,76,78,78,81,83,84,86,87,88.0249999999999,0.999753051627798,1726.43017752131,1729.93619106063,77,2022-01-20
"Independent by age, Reference: Week and day of week, Report: Day of week",2022-01-20,2022-01-09,00+,DE-BW,48,FALSE,1,55.9125,56,3.44133188352508,2.9652,50,51,53,53,56,58,59,61,62,63,1.00164059438411,2146.83384649838,1866.5468033533,52,2022-01-20
"Independent by age, Reference: Week and day of week, Report: Day of week",2022-01-20,2022-01-10,00+,DE-BW,45,FALSE,1,52.7145,52,3.5228106459791,2.9652,47,48,50,50,52,55,55,58,59,61,1.00108238053642,1690.1974945219,1700.71644777702,49,2022-01-20
"Independent by age, Reference: Week and day of week, Report: Day of week",2022-01-20,2022-01-11,00+,DE-BW,86,FALSE,1,98.337,98,4.63898599863675,4.4478,91,91,94,95,98,101,102,104,106,109,1.00074394365504,2084.15791543853,1984.14344732479,93,2022-01-20
"Independent by age, Reference: Week and day of week, Report: Day of week",2022-01-20,2022-01-12,00+,DE-BW,69,FALSE,1,86.1875,85,6.23937566222192,5.9304,76,77,81,82,85,90,91,94,97,101,1.00068526817134,2111.02000408585,1919.0542414262,79,2022-01-20
"Independent by age, Reference: Week and day of week, Report: Day of week",2022-01-20,2022-01-13,00+,DE-BW,99,FALSE,1,122.0595,121,7.43798504709309,7.413,110,111,116,117,121,127,128,132,135,138.025,1.00083468503944,2032.4431471005,1566.0566308156,113,2022-01-20
"Independent by age, Reference: Week and day of week, Report: Day of week",2022-01-20,2022-01-14,00+,DE-BW,64,FALSE,1,87.1465,86,7.61025595810509,7.413,74,76,81,82,86,92,93,97,101,104,1.00034412557219,1946.62924773847,1760.0030431468,78,2022-01-20
"Independent by age, Reference: Week and day of week, Report: Day of week",2022-01-20,2022-01-15,00+,DE-BW,71,FALSE,1,97.293,96,9.25013153780709,8.8956,82,84,89,91,96,103,105,110,114,118,1.00505253699486,2209.67659176312,1688.26046565935,86,2022-01-20
"Independent by age, Reference: Week and day of week, Report: Day of week",2022-01-20,2022-01-16,00+,DE-BW,36,FALSE,1,59.727,59,8.76429560425248,8.8956,46,47,52,54,59,65,67,71,75,79,0.999865844032776,1832.16798747189,1727.7542308734,50,2022-01-20
"Independent by age, Reference: Week and day of week, Report: Day of week",2022-01-20,2022-01-17,00+,DE-BW,33,FALSE,1,57.3595,56,9.60887220034075,8.8956,43,44,49,50,56,63,65,70,75,80,0.999617011313553,1534.13475637927,1283.30673708169,46,2022-01-20
"Independent by age, Reference: Week and day of week, Report: Day of week",2022-01-20,2022-01-18,00+,DE-BW,70,FALSE,1,117.0395,114,17.0934499960185,14.826,91.975,95,103,105,114,126,129,139,149.05,159,1.00101502048456,2177.37454171386,1557.66500821213,98,2022-01-20
"Independent by age, Reference: Week and day of week, Report: Day of week",2022-01-20,2022-01-19,00+,DE-BW,77,FALSE,1,174.8845,169,35.8661448991241,32.6172,121,127,145,150,169,194,202,222,241,261.025,0.999881791770226,1904.55071543666,1367.93349591866,135,2022-01-20
"Independent by age, Reference: Week and day of week, Report: Day of week",2022-01-20,2022-01-20,00+,DE-BW,36,FALSE,1,171.6385,158,62.8192402550613,47.4432,88,96,124,130,158,199,211,249,291,327,0.99969808567008,2545.02126670254,1571.47173650766,108,2022-01-20
"Independent by age, Reference: Week and day of week, Report: Day of week",2022-01-20,2021-12-12,00+,DE-BY,178,FALSE,1,178,178,0,0,178,178,178,178,178,178,178,178,178,178,,,,178,2022-01-20
"Independent by age, Reference: Week and day of week, Report: Day of week",2022-01-20,2021-12-13,00+,DE-BY,124,FALSE,1,124.019,124,0.13655886702108,0,124,124,124,124,124,124,124,124,124,124,1.0004666438192,2022.23502165905,2022.23502165905,124,2022-01-20
"Independent by age, Reference: Week and day of week, Report: Day of week",2022-01-20,2021-12-14,00+,DE-BY,162,FALSE,1,162.0515,162,0.227757956707163,0,162,162,162,162,162,162,162,162,162.05,163,0.999929258954262,1832.98391687358,1912.97463604742,162,2022-01-20
"Independent by age, Reference: Week and day of week, Report: Day of week",2022-01-20,2021-12-15,00+,DE-BY,243,FALSE,1,243.229,243,0.481326123765072,0,243,243,243,243,243,243,244,244,244,244,1.00022758689681,1884.74197521645,1779.70694104999,243,2022-01-20
"Independent by age, Reference: Week and day of week, Report: Day of week",2022-01-20,2021-12-16,00+,DE-BY,190,FALSE,1,190.2975,190,0.548766181684951,0,190,190,190,190,190,191,191,191,191,192,0.999675389043048,2046.90791623361,1969.4505016483,190,2022-01-20
"Independent by age, Reference: Week and day of week, Report: Day of week",2022-01-20,2021-12-17,00+,DE-BY,182,FALSE,1,182.378,182,0.632705427571978,0,182,182,182,182,182,183,183,183,184,184,0.999947303023943,1628.73242246579,1546.35359727723,182,2022-01-20
"Independent by age, Reference: Week and day of week, Report: Day of week",2022-01-20,2021-12-18,00+,DE-BY,139,FALSE,1,139.3625,139,0.627128691097448,0,139,139,139,139,139,140,140,140,141,141,1.00003409358465,1849.67897693794,1748.04363954046,139,2022-01-20
"Independent by age, Reference: Week and day of week, Report: Day of week",2022-01-20,2021-12-19,00+,DE-BY,125,FALSE,1,125.434,125,0.701348661489053,0,125,125,125,125,125,126,126,126,127,127,1.00073998880968,1859.99651936912,1703.4869125497,125,2022-01-20
"Independent by age, Reference: Week and day of week, Report: Day of week",2022-01-20,2021-12-20,00+,DE-BY,74,FALSE,1,74.3875,74,0.645408417990505,0,74,74,74,74,74,75,75,75,76,76,0.999448760209285,1883.5367345848,1918.9463048571,74,2022-01-20
"Independent by age, Reference: Week and day of week, Report: Day of week",2022-01-20,2021-12-21,00+,DE-BY,97,FALSE,1,97.4125,97,0.648501370093778,0,97,97,97,97,97,98,98,98,99,99,0.999798197262076,1898.67537145399,1940.77724827554,97,2022-01-20
"Independent by age, Reference: Week and day of week, Report: Day of week",2022-01-20,2021-12-22,00+,DE-BY,161,FALSE,1,162.302,162,1.23917867230313,1.4826,161,161,161,161,162,163,163,164,165,165,1.00130215971943,1837.66351768651,2028.07990034835,161,2022-01-20
"Independent by age, Reference: Week and day of week, Report: Day of week",2022-01-20,2021-12-23,00+,DE-BY,119,FALSE,1,120.1005,120,1.08442968599718,1.4826,119,119,119,119,120,121,121,122,122,123,0.999473705318128,1741.10196398427,1902.673695411,119,2022-01-20
"Independent by age, Reference: Week and day of week, Report: Day of week",2022-01-20,2021-12-24,00+,DE-BY,129,FALSE,1,130.809,131,1.4340666907912,1.4826,129,129,130,130,131,132,132,133,133,134,0.999577368209101,2049.92371861094,1930.50980931266,129,2022-01-20
"Independent by age, Reference: Week and day of week, Report: Day of week",2022-01-20,2021-12-25,00+,DE-BY,76,FALSE,1,77.385,77,1.24118704176136,1.4826,76,76,76,76,77,78,78,79,80,80,1.00016486240851,1941.37679357355,2034.1641368963,76,2022-01-20
"Independent by age, Reference: Week and day of week, Report: Day of week",2022-01-20,2021-12-26,00+,DE-BY,55,FALSE,1,56.015,56,1.0541966919568,1.4826,55,55,55,55,56,57,57,57,58,59,1.00066428576758,1991.93004899014,1880.83402770505,55,2022-01-20
"Independent by age, Reference: Week and day of week, Report: Day of week",2022-01-20,2021-12-27,00+,DE-BY,53,FALSE,1,54.0755,54,1.07999210250387,1.4826,53,53,53,53,54,55,55,56,56,57,1.00123623331264,2013.72998828751,1882.48531667528,53,2022-01-20
"Independent by age, Reference: Week and day of week, Report: Day of week",2022-01-20,2021-12-28,00+,DE-BY,99,FALSE,1,100.3765,100,1.28240790508227,1.4826,99,99,99,99,100,101,101,102,103,104,0.999866447543843,1835.84651038013,1881.59101199399,99,2022-01-20
"Independent by age, Reference: Week and day of week, Report: Day of week",2022-01-20,2021-12-29,00+,DE-BY,133,FALSE,1,136.8165,136,2.16822008550091,1.4826,133,134,135,135,136,138,139,140,141,142,0.999414303536781,1869.5402959611,1822.6579966275,134,2022-01-20
"Independent by age, Reference: Week and day of week, Report: Day of week",2022-01-20,2021-12-30,00+,DE-BY,115,FALSE,1,118.9385,119,2.19342729801009,2.9652,115,116,117,117,119,120,121,122,123,124,1.00071434126862,1836.45925042217,1914.28030880961,116,2022-01-20
"Independent by age, Reference: Week and day of week, Report: Day of week",2022-01-20,2021-12-31,00+,DE-BY,119,FALSE,1,123.6015,123,2.51512637462617,2.9652,120,120,122,122,123,125,126,127,128,130,1.00047925865518,1348.99664760991,1823.81758294733,121,2022-01-20
"Independent by age, Reference: Week and day of week, Report: Day of week",2022-01-20,2022-01-01,00+,DE-BY,64,FALSE,1,67.288,67,2.00575859309312,1.4826,64,64,66,66,67,68,69,70,71,72,1.0013041073007,1924.02545348481,1899.26062570466,65,2022-01-20
"Independent by age, Reference: Week and day of week, Report: Day of week",2022-01-20,2022-01-02,00+,DE-BY,52,FALSE,1,54.4455,54,1.7019042243894,1.4826,52,52,53,53,54,55,56,57,58,58,1.00147553109088,1760.41166256652,1628.58064109606,53,2022-01-20
"Independent by age, Reference: Week and day of week, Report: Day of week",2022-01-20,2022-01-03,00+,DE-BY,50,FALSE,1,52.509,52,1.77918569881714,1.4826,50,50,51,51,52,54,54,55,56,57,0.999494569326263,1670.26262277366,1917.04749833809,50,2022-01-20
"Independent by age, Reference: Week and day of week, Report: Day of week",2022-01-20,2022-01-04,00+,DE-BY,91,FALSE,1,94.005,94,1.92739005294935,1.4826,91,91,92,93,94,95,95,97,98,98,1.00073380742498,1777.72398833539,1879.50632507114,92,2022-01-20
"Independent by age, Reference: Week and day of week, Report: Day of week",2022-01-20,2022-01-05,00+,DE-BY,114,FALSE,1,121.251,121,3.22260633584028,2.9652,116,117,119,119,121,123,124,125.1,127,128,0.999525411252521,1654.62894332774,1805.50124685577,117,2022-01-20
"Independent by age, Reference: Week and day of week, Report: Day of week",2022-01-20,2022-01-06,00+,DE-BY,88,FALSE,1,95.122,95,3.15215545968485,2.9652,90,90,92,93,95,97,98,99,101,102,0.999967574526316,1691.02752701672,1946.82687941824,91,2022-01-20
"Independent by age, Reference: Week and day of week, Report: Day of week",2022-01-20,2022-01-07,00+,DE-BY,52,FALSE,1,57.3105,57,2.57806379992394,2.9652,53,54,55,55,57,59,59,61,62,63,1.00022213739445,1848.79855083076,1891.3839999569,54,2022-01-20
"Independent by age, Reference: Week and day of week, Report: Day of week",2022-01-20,2022-01-08,00+,DE-BY,78,FALSE,1,85.3565,85,3.21256409025828,2.9652,80,81,83,83,85,87,88,90,91,93,0.999925661266137,1755.50427723616,1887.57852984898,82,2022-01-20
"Independent by age, Reference: Week and day of week, Report: Day of week",2022-01-20,2022-01-09,00+,DE-BY,63,FALSE,1,70.33,70,3.30008261603196,2.9652,65,65,67,68,70,72,73,75,76,77,1.00123042023804,2117.87096992405,1956.68177730411,66,2022-01-20
"Independent by age, Reference: Week and day of week, Report: Day of week",2022-01-20,2022-01-10,00+,DE-BY,47,FALSE,1,53.707,53,3.12650580029202,2.9652,49,49,51,51,53,56,56,58,59,61,1.00038884642895,2215.37416175384,1949.04126674128,50,2022-01-20
"Independent by age, Reference: Week and day of week, Report: Day of week",2022-01-20,2022-01-11,00+,DE-BY,83,FALSE,1,91.1345,91,3.57530434376925,2.9652,85,86,88,89,91,93,94,96,97.05,99,1.00274503424332,1753.71076316147,1879.92555105573,87,2022-01-20
"Independent by age, Reference: Week and day of week, Report: Day of week",2022-01-20,2022-01-12,00+,DE-BY,102,FALSE,1,121.0795,121,6.23904179912955,5.9304,111,112,116,117,121,125,126,130,132,134.025,0.999980571499044,2044.25598507337,1955.41910037763,113,2022-01-20
"Independent by age, Reference: Week and day of week, Report: Day of week",2022-01-20,2022-01-13,00+,DE-BY,81,FALSE,1,100.1815,100,6.14837043284558,5.9304,90,91,95,96,100,104,105,108,112,114,1.00044719815267,2185.2634460249,1918.00878877667,93,2022-01-20
"Independent by age, Reference: Week and day of week, Report: Day of week",2022-01-20,2022-01-14,00+,DE-BY,85,FALSE,1,112.8425,112,8.40553509659737,7.413,99,101,106,107,112,118,119,124,128,131.025,0.999958692134821,2070.80666718947,1854.75415430367,103,2022-01-20
"Independent by age, Reference: Week and day of week, Report: Day of week",2022-01-20,2022-01-15,00+,DE-BY,82,FALSE,1,114.9,114,10.8500627616141,10.3782,98,100,106,107,114,121,123,129,135,140,0.999169858802507,2027.17330423923,1824.81873736073,102.9,2022-01-20
"Independent by age, Reference: Week and day of week, Report: Day of week",2022-01-20,2022-01-16,00+,DE-BY,57,FALSE,1,87.284,86,10.4062716303498,8.8956,70,72,79,80,86,93,95,100,106,111,1.00020254292618,1841.62351873779,1868.28159359008,75,2022-01-20
"Independent by age, Reference: Week and day of week, Report: Day of week",2022-01-20,2022-01-17,00+,DE-BY,35,FALSE,1,62.265,61,10.1916981094996,8.8956,46,49,54,55,61,68,69,75.1000000000001,81,86,0.999496837605362,2024.60005740295,1662.5242876599,51,2022-01-20
"Independent by age, Reference: Week and day of week, Report: Day of week",2022-01-20,2022-01-18,00+,DE-BY,68,FALSE,1,104.8395,103,13.883051152562,11.8608,84,86,94,95,103,112,115,122,131,139,0.999675655527552,2352.12112492719,1615.20109543971,89,2022-01-20
"Independent by age, Reference: Week and day of week, Report: Day of week",2022-01-20,2022-01-19,00+,DE-BY,66,FALSE,1,152.417,148,29.2474070031551,26.6868,107,112,128,132,148,168,173.2,192,208,219,1.00160024367095,2229.22998864747,2072.16046721327,119,2022-01-20
"Independent by age, Reference: Week and day of week, Report: Day of week",2022-01-20,2022-01-20,00+,DE-BY,49,FALSE,1,175.6855,167,50.2991410617097,44.478,103.975,112,135,140,167,201,212,240,272,302.025,1.00027240187432,2499.06931646976,1872.07670055948,121,2022-01-20
"Independent by age, Reference: Week and day of week, Report: Day of week",2022-01-20,2021-12-12,00+,DE-HB,4,FALSE,1,4,4,0,0,4,4,4,4,4,4,4,4,4,4,,,,4,2022-01-20
"Independent by age, Reference: Week and day of week, Report: Day of week",2022-01-20,2021-12-13,00+,DE-HB,2,FALSE,1,2.01,2,0.0995236277284853,0,2,2,2,2,2,2,2,2,2,2,0.999134063010154,1857.20134014959,1857.20134014959,2,2022-01-20
"Independent by age, Reference: Week and day of week, Report: Day of week",2022-01-20,2021-12-14,00+,DE-HB,10,FALSE,1,10.0145,10,0.119569638492489,0,10,10,10,10,10,10,10,10,10,10,0.999220930920738,2041.32994394918,2041.32994394918,10,2022-01-20
"Independent by age, Reference: Week and day of week, Report: Day of week",2022-01-20,2021-12-15,00+,DE-HB,9,FALSE,1,9.0285,9,0.178055052724994,0,9,9,9,9,9,9,9,9,9,10,1.00021018515041,2080.88955156683,2117.20519402884,9,2022-01-20
"Independent by age, Reference: Week and day of week, Report: Day of week",2022-01-20,2021-12-16,00+,DE-HB,10,FALSE,1,10.0255,10,0.166924179916873,0,10,10,10,10,10,10,10,10,10,10,1.00146220314862,1769.97497384903,1745.24718081004,10,2022-01-20
"Independent by age, Reference: Week and day of week, Report: Day of week",2022-01-20,2021-12-17,00+,DE-HB,4,FALSE,1,4.045,4,0.219086739671186,0,4,4,4,4,4,4,4,4,4,5,0.999399379776713,1997.62913708439,1986.57769861331,4,2022-01-20
"Independent by age, Reference: Week and day of week, Report: Day of week",2022-01-20,2021-12-18,00+,DE-HB,12,FALSE,1,12.096,12,0.325325865032631,0,12,12,12,12,12,12,12,12,13,13,0.999600992463862,2024.0934473379,2001.61946812913,12,2022-01-20
"Independent by age, Reference: Week and day of week, Report: Day of week",2022-01-20,2021-12-19,00+,DE-HB,7,FALSE,1,7.1275,7,0.370556886595164,0,7,7,7,7,7,7,7,8,8,8,1.00002320614484,1841.81152894703,1863.11642415855,7,2022-01-20
"Independent by age, Reference: Week and day of week, Report: Day of week",2022-01-20,2021-12-20,00+,DE-HB,6,FALSE,1,6.121,6,0.365274845638771,0,6,6,6,6,6,6,6,7,7,7,0.999901623674359,2096.95455987382,2056.08494726302,6,2022-01-20
"Independent by age, Reference: Week and day of week, Report: Day of week",2022-01-20,2021-12-21,00+,DE-HB,15,FALSE,1,15.166,15,0.418965112966392,0,15,15,15,15,15,15,15,16,16,16,0.999393647193127,1746.55180281381,1759.39893812009,15,2022-01-20
"Independent by age, Reference: Week and day of week, Report: Day of week",2022-01-20,2021-12-22,00+,DE-HB,13,FALSE,1,13.1865,13,0.450354482135784,0,13,13,13,13,13,13,13,14,14,14,0.999607329316057,1650.61919245268,1579.30286199362,13,2022-01-20
"Independent by age, Reference: Week and day of week, Report: Day of week",2022-01-20,2021-12-23,00+,DE-HB,8,FALSE,1,8.1315,8,0.382466848818591,0,8,8,8,8,8,8,8,9,9,9,1.00127555980887,1910.83243243266,1894.0341141216,8,2022-01-20
"Independent by age, Reference: Week and day of week, Report: Day of week",2022-01-20,2021-12-24,00+,DE-HB,9,FALSE,1,9.1495,9,0.392717281809339,0,9,9,9,9,9,9,9,10,10,10,1.00135514150828,1909.59422967028,1892.29981366014,9,2022-01-20
"Independent by age, Reference: Week and day of week, Report: Day of week",2022-01-20,2021-12-25,00+,DE-HB,2,FALSE,1,2.093,2,0.305610370978186,0,2,2,2,2,2,2,2,2,3,3,0.99952306286133,1893.8739600997,1894.24831945247,2,2022-01-20
"Independent by age, Reference: Week and day of week, Report: Day of week",2022-01-20,2021-12-26,00+,DE-HB,3,FALSE,1,3.138,3,0.389912831294386,0,3,3,3,3,3,3,3,4,4,4,0.999394005803966,1966.85681186756,1928.20579574112,3,2022-01-20
"Independent by age, Reference: Week and day of week, Report: Day of week",2022-01-20,2021-12-27,00+,DE-HB,1,FALSE,1,1.1965,1,0.47328611840507,0,1,1,1,1,1,1,1,2,2,2,0.999405274153059,1675.34070662746,1628.54800750245,1,2022-01-20
"Independent by age, Reference: Week and day of week, Report: Day of week",2022-01-20,2021-12-28,00+,DE-HB,19,FALSE,1,19.4655,19,0.751726210896011,0,19,19,19,19,19,20,20,20,21,21,1.00062516096587,2013.4938110659,2011.94973026347,19,2022-01-20
"Independent by age, Reference: Week and day of week, Report: Day of week",2022-01-20,2021-12-29,00+,DE-HB,13,FALSE,1,13.382,13,0.674020141817578,0,13,13,13,13,13,14,14,14,15,15,0.999911141242758,1810.24231733008,1660.61445382493,13,2022-01-20
"Independent by age, Reference: Week and day of week, Report: Day of week",2022-01-20,2021-12-30,00+,DE-HB,17,FALSE,1,17.31,17,0.608346153535354,0,17,17,17,17,17,17,18,18,18,19,1.00073595122113,1811.03018443055,1908.03333278988,17,2022-01-20
"Independent by age, Reference: Week and day of week, Report: Day of week",2022-01-20,2021-12-31,00+,DE-HB,14,FALSE,1,14.2855,14,0.578927740451546,0,14,14,14,14,14,14,15,15,15,16,0.999586693798313,1705.81791886266,1760.41897745385,14,2022-01-20
"Independent by age, Reference: Week and day of week, Report: Day of week",2022-01-20,2022-01-01,00+,DE-HB,5,FALSE,1,5.2935,5,0.562597554210825,0,5,5,5,5,5,5,6,6,6,7,0.999282203767778,2145.37976751598,2004.85379466164,5,2022-01-20
"Independent by age, Reference: Week and day of week, Report: Day of week",2022-01-20,2022-01-02,00+,DE-HB,9,FALSE,1,9.3825,9,0.677069391924299,0,9,9,9,9,9,10,10,10,11,11,0.99915012427485,1990.88930833895,1827.00259997563,9,2022-01-20
"Independent by age, Reference: Week and day of week, Report: Day of week",2022-01-20,2022-01-03,00+,DE-HB,4,FALSE,1,4.592,4,0.841361958358284,0,4,4,4,4,4,5,5,6,6,7,0.999782144180497,1851.34273676644,1751.74177019953,4,2022-01-20
"Independent by age, Reference: Week and day of week, Report: Day of week",2022-01-20,2022-01-04,00+,DE-HB,12,FALSE,1,12.494,12,0.778631577555639,0,12,12,12,12,12,13,13,13.1000000000001,14,15,1.0016366954378,1953.05036872639,1871.87718472672,12,2022-01-20
"Independent by age, Reference: Week and day of week, Report: Day of week",2022-01-20,2022-01-05,00+,DE-HB,15,FALSE,1,15.633,15,0.853038590814454,0,15,15,15,15,15,16,16,17,17,18,1.00019660101216,1866.37184109845,1969.13490420741,15,2022-01-20
"Independent by age, Reference: Week and day of week, Report: Day of week",2022-01-20,2022-01-06,00+,DE-HB,25,FALSE,1,25.7205,25,0.94277471438358,0,25,25,25,25,25,26,26,27,28,28,1.00000630659268,1920.41574527987,1936.82412577638,25,2022-01-20
"Independent by age, Reference: Week and day of week, Report: Day of week",2022-01-20,2022-01-07,00+,DE-HB,17,FALSE,1,17.742,17,0.935881369067941,0,17,17,17,17,17,18,18,19,20,20,1.00018956640324,1855.9550909962,1818.46183709343,17,2022-01-20
"Independent by age, Reference: Week and day of week, Report: Day of week",2022-01-20,2022-01-08,00+,DE-HB,30,FALSE,1,32.678,32,2.11152676341938,1.4826,30,30,31,31,32,34,34,36,37,38,1.00115473648046,1967.29326702636,1744.07655118975,30,2022-01-20
"Independent by age, Reference: Week and day of week, Report: Day of week",2022-01-20,2022-01-09,00+,DE-HB,5,FALSE,1,6.4095,6,1.48455774756421,1.4826,5,5,5,5,6,7,7,8,9,10,1.00083964489042,2034.00082453138,2027.47422238254,5,2022-01-20
"Independent by age, Reference: Week and day of week, Report: Day of week",2022-01-20,2022-01-10,00+,DE-HB,3,FALSE,1,4.4135,4,1.4524367580959,1.4826,3,3,3,3,4,5,5,6,7,8,1.00028465704912,1704.51994603468,1543.28922933015,3,2022-01-20
"Independent by age, Reference: Week and day of week, Report: Day of week",2022-01-20,2022-01-11,00+,DE-HB,20,FALSE,1,22.309,22,1.97141122831224,1.4826,20,20,21,21,22,23,24,25,26,27,1.00200740229997,1865.23345473249,1728.35970662048,20,2022-01-20
"Independent by age, Reference: Week and day of week, Report: Day of week",2022-01-20,2022-01-12,00+,DE-HB,17,FALSE,1,20.794,20,2.69595958779977,2.9652,17,17,19,19,20,22,23,24,26,28,1.00079411501648,2052.66386694788,1966.39064227412,18,2022-01-20
"Independent by age, Reference: Week and day of week, Report: Day of week",2022-01-20,2022-01-13,00+,DE-HB,23,FALSE,1,26.427,26,2.52920332016178,2.9652,23,23,24,25,26,28,28,30,31,32,0.999469979594607,1797.88268253205,1659.56160813349,24,2022-01-20
"Independent by age, Reference: Week and day of week, Report: Day of week",2022-01-20,2022-01-14,00+,DE-HB,23,FALSE,1,29.02,28,4.08667963941849,2.9652,24,24,26,26,28,31,32,34,37,39,1.0005301296955,2065.95309144222,1743.38485622869,25,2022-01-20
"Independent by age, Reference: Week and day of week, Report: Day of week",2022-01-20,2022-01-15,00+,DE-HB,14,FALSE,1,21.1935,20,6.11037855726276,4.4478,14,15,16,17,20,24,25,29,32,37,1.00130303233813,1754.39940289128,1677.47116054441,15,2022-01-20
"Independent by age, Reference: Week and day of week, Report: Day of week",2022-01-20,2022-01-16,00+,DE-HB,4,FALSE,1,10.1265,8,6.12268253061396,2.9652,4,4,6,6,8,12,13,17,21,25,1.00005410313077,1990.20036883678,1579.52585777212,5,2022-01-20
"Independent by age, Reference: Week and day of week, Report: Day of week",2022-01-20,2022-01-17,00+,DE-HB,3,FALSE,1,9.571,8,5.96353426002025,4.4478,3,4,5,6,8,12,13,16,19,24.0249999999999,1.00009796864334,1784.64463481907,1524.24667217045,4,2022-01-20
"Independent by age, Reference: Week and day of week, Report: Day of week",2022-01-20,2022-01-18,00+,DE-HB,14,FALSE,1,32.44,29,14.4418033098855,10.3782,17,18,22,23,29,37,40,49,59,69.0249999999999,1.00115985624078,2070.70472902084,1882.8145752467,20,2022-01-20
"Independent by age, Reference: Week and day of week, Report: Day of week",2022-01-20,2022-01-19,00+,DE-HB,55,FALSE,1,97.2955,88,34.7588444627291,20.7564,63,65,73,76,88,107,114,136,157,185,1.0037301876451,1399.13477113465,1733.58470180798,68,2022-01-20
"Independent by age, Reference: Week and day of week, Report: Day of week",2022-01-20,2022-01-20,00+,DE-HB,23,FALSE,1,71.8605,57,50.2001002467365,25.9455,30,32,40,42,57,83,91,124,156.05,201.099999999999,1.00052141415942,2359.03348347771,1865.56958046436,35,2022-01-20
"Independent by age, Reference: Week and day of week, Report: Day of week",2022-01-20,2021-12-12,00+,DE-HE,61,FALSE,1,61,61,0,0,61,61,61,61,61,61,61,61,61,61,,,,61,2022-01-20
"Independent by age, Reference: Week and day of week, Report: Day of week",2022-01-20,2021-12-13,00+,DE-HE,29,FALSE,1,29.0215,29,0.145080233447112,0,29,29,29,29,29,29,29,29,29,29,0.999403294028066,2100.01766121918,2100.01766121918,29,2022-01-20
"Independent by age, Reference: Week and day of week, Report: Day of week",2022-01-20,2021-12-14,00+,DE-HE,68,FALSE,1,68.0605,68,0.254700188639597,0,68,68,68,68,68,68,68,68,69,69,1.00045961414918,1924.29978101633,1865.2342661851,68,2022-01-20
"Independent by age, Reference: Week and day of week, Report: Day of week",2022-01-20,2021-12-15,00+,DE-HE,76,FALSE,1,76.0655,76,0.261235280802513,0,76,76,76,76,76,76,76,76,77,77,0.999512497481233,1960.07717894862,1958.73312114384,76,2022-01-20
"Independent by age, Reference: Week and day of week, Report: Day of week",2022-01-20,2021-12-16,00+,DE-HE,77,FALSE,1,77.232,77,0.479886596575468,0,77,77,77,77,77,77,78,78,78,78.0249999999999,0.999145576161443,2018.29145870821,2046.01686212993,77,2022-01-20
"Independent by age, Reference: Week and day of week, Report: Day of week",2022-01-20,2021-12-17,00+,DE-HE,67,FALSE,1,67.2045,67,0.455832909980083,0,67,67,67,67,67,67,67,68,68,68,0.999062633853716,1983.19027026767,1819.49236134266,67,2022-01-20
"Independent by age, Reference: Week and day of week, Report: Day of week",2022-01-20,2021-12-18,00+,DE-HE,49,FALSE,1,49.2225,49,0.484882775166149,0,49,49,49,49,49,49,49,50,50,50.0249999999999,1.00092851386451,1826.8079776967,1766.26171624985,49,2022-01-20
"Independent by age, Reference: Week and day of week, Report: Day of week",2022-01-20,2021-12-19,00+,DE-HE,45,FALSE,1,45.34,45,0.602977438131351,0,45,45,45,45,45,46,46,46,47,47,1.00010598908507,2085.74321440989,1710.31054683859,45,2022-01-20
"Independent by age, Reference: Week and day of week, Report: Day of week",2022-01-20,2021-12-20,00+,DE-HE,22,FALSE,1,22.261,22,0.530112733062391,0,22,22,22,22,22,22,23,23,23,24,1.00007298757662,1938.12377760346,1906.00672607613,22,2022-01-20
"Independent by age, Reference: Week and day of week, Report: Day of week",2022-01-20,2021-12-21,00+,DE-HE,47,FALSE,1,47.3285,47,0.575980578503656,0,47,47,47,47,47,48,48,48,48,49,0.999494530080383,2117.34104719166,1321.97625197963,47,2022-01-20
"Independent by age, Reference: Week and day of week, Report: Day of week",2022-01-20,2021-12-22,00+,DE-HE,52,FALSE,1,52.2905,52,0.564153245530167,0,52,52,52,52,52,52,53,53,53,54,0.999481139225095,2049.56376317852,1922.49523123807,52,2022-01-20
"Independent by age, Reference: Week and day of week, Report: Day of week",2022-01-20,2021-12-23,00+,DE-HE,66,FALSE,1,66.836,67,0.988226844478571,1.4826,66,66,66,66,67,67,68,68,69,69,1.0014365415673,2057.28823547006,2039.04339732393,66,2022-01-20
"Independent by age, Reference: Week and day of week, Report: Day of week",2022-01-20,2021-12-24,00+,DE-HE,40,FALSE,1,40.7025,40,0.876000821186464,0,40,40,40,40,40,41,41,42,42,43,1.00137012808089,1975.49941708606,2005.66675635279,40,2022-01-20
"Independent by age, Reference: Week and day of week, Report: Day of week",2022-01-20,2021-12-25,00+,DE-HE,34,FALSE,1,34.774,35,0.924852245408919,1.4826,34,34,34,34,35,35,35,36,37,37,0.999906635068499,1968.89779865407,1800.65016255515,34,2022-01-20
"Independent by age, Reference: Week and day of week, Report: Day of week",2022-01-20,2021-12-26,00+,DE-HE,25,FALSE,1,25.7805,26,0.919642659575259,1.4826,25,25,25,25,26,26,26,27,28,28,1.00074472114063,1843.26672052284,1799.59782492669,25,2022-01-20
"Independent by age, Reference: Week and day of week, Report: Day of week",2022-01-20,2021-12-27,00+,DE-HE,17,FALSE,1,17.773,18,0.953375824494919,1.4826,17,17,17,17,18,18,18,19,20,20,1.00021585487084,2014.1671155685,1933.47921137608,17,2022-01-20
"Independent by age, Reference: Week and day of week, Report: Day of week",2022-01-20,2021-12-28,00+,DE-HE,46,FALSE,1,47.0665,47,1.10121936599663,1.4826,46,46,46,46,47,48,48,49,49,50,1.00047502179838,2202.84687507087,2040.29462073261,46,2022-01-20
"Independent by age, Reference: Week and day of week, Report: Day of week",2022-01-20,2021-12-29,00+,DE-HE,65,FALSE,1,66.42,66,1.31585171385929,1.4826,65,65,65,65,66,67,67,68,69,70,0.999579143363506,2042.28460930147,1909.0969203384,65,2022-01-20
"Independent by age, Reference: Week and day of week, Report: Day of week",2022-01-20,2021-12-30,00+,DE-HE,78,FALSE,1,80.9735,81,1.9392467839459,1.4826,78,78,79,80,81,82,82,84,85,85,0.999765831138069,1820.01658247849,1725.41902088216,79,2022-01-20
"Independent by age, Reference: Week and day of week, Report: Day of week",2022-01-20,2021-12-31,00+,DE-HE,64,FALSE,1,66.2185,66,1.70064806821575,1.4826,64,64,65,65,66,67,68,69,69,70,1.00098477389969,1891.64867619158,1827.9765658881,64,2022-01-20
"Independent by age, Reference: Week and day of week, Report: Day of week",2022-01-20,2022-01-01,00+,DE-HE,36,FALSE,1,37.8895,38,1.52494343378308,1.4826,36,36,37,37,38,39,39,40,41,41.0249999999999,0.999119952873996,2112.65858883827,1722.90747080377,36,2022-01-20
"Independent by age, Reference: Week and day of week, Report: Day of week",2022-01-20,2022-01-02,00+,DE-HE,25,FALSE,1,26.7375,26,1.41123688471227,1.4826,25,25,26,26,26,28,28,29,29,30,1.00016708271437,1961.50463377561,1867.78786013187,25,2022-01-20
"Independent by age, Reference: Week and day of week, Report: Day of week",2022-01-20,2022-01-03,00+,DE-HE,26,FALSE,1,27.918,28,1.53735413254866,1.4826,26,26,27,27,28,29,29,30,31,32,1.00135291634328,1762.74347659681,1570.62465277949,26,2022-01-20
"Independent by age, Reference: Week and day of week, Report: Day of week",2022-01-20,2022-01-04,00+,DE-HE,56,FALSE,1,58.255,58,1.71039110114015,1.4826,56,56,57,57,58,59,60,61,61,62,1.00122115922666,1891.54664158214,1728.60579173695,56,2022-01-20
"Independent by age, Reference: Week and day of week, Report: Day of week",2022-01-20,2022-01-05,00+,DE-HE,57,FALSE,1,59.7955,60,1.9711982551942,1.4826,57,57,58,58,60,61,61,62,63,64,0.999349192207262,1859.63570401816,1902.53368402386,58,2022-01-20
"Independent by age, Reference: Week and day of week, Report: Day of week",2022-01-20,2022-01-06,00+,DE-HE,67,FALSE,1,72.5125,72,2.78885865835975,2.9652,68,69,70,70,72,74,75,76,77.05,79,1.00056061011449,2067.37689170459,1922.96621556428,69,2022-01-20
"Independent by age, Reference: Week and day of week, Report: Day of week",2022-01-20,2022-01-07,00+,DE-HE,58,FALSE,1,62.7945,62,2.65759311230581,2.9652,59,59,60,61,62,64,65,66,68,69,0.999975210409656,2225.23110965672,1901.81509688763,60,2022-01-20
"Independent by age, Reference: Week and day of week, Report: Day of week",2022-01-20,2022-01-08,00+,DE-HE,43,FALSE,1,48.7525,48,3.00512214885931,2.9652,44,45,46,47,48,51,51,53,54,55.0249999999999,0.999540852141024,1803.34673848443,1862.53015744455,45,2022-01-20
"Independent by age, Reference: Week and day of week, Report: Day of week",2022-01-20,2022-01-09,00+,DE-HE,26,FALSE,1,30.7445,30,2.64058821156414,2.9652,27,27,29,29,30,32,33,34,36,37,1.00107904023556,1800.79515722647,1609.82988019216,28,2022-01-20
"Independent by age, Reference: Week and day of week, Report: Day of week",2022-01-20,2022-01-10,00+,DE-HE,15,FALSE,1,19.0255,19,2.38719481809713,2.9652,15,16,17,17,19,20,21,22,24,25,1.00023380635141,2029.77183903397,1954.26248558216,16,2022-01-20
"Independent by age, Reference: Week and day of week, Report: Day of week",2022-01-20,2022-01-11,00+,DE-HE,52,FALSE,1,59.581,59,3.69056216917725,2.9652,54,54,56,57,59,62,63,64,66,68,1.00044809294149,1819.59085842673,1647.43104226712,55,2022-01-20
"Independent by age, Reference: Week and day of week, Report: Day of week",2022-01-20,2022-01-12,00+,DE-HE,53,FALSE,1,64.176,63,5.39282535250691,4.4478,56,57,60,60,63,67,68,71,74,77,0.999658409697344,1972.38516754709,1966.60563575682,58,2022-01-20
"Independent by age, Reference: Week and day of week, Report: Day of week",2022-01-20,2022-01-13,00+,DE-HE,48,FALSE,1,62.074,62,5.41028276338584,5.9304,53,54,57,58,62,65,66,69,72,74,1.00257595932767,2074.71479911724,1600.90792004611,56,2022-01-20
"Independent by age, Reference: Week and day of week, Report: Day of week",2022-01-20,2022-01-14,00+,DE-HE,37,FALSE,1,52.243,51,6.38634039742918,5.9304,42,43,47,48,51,56,57,61,64,67,1.00037463140591,1714.59070149433,1715.19598540794,45,2022-01-20
"Independent by age, Reference: Week and day of week, Report: Day of week",2022-01-20,2022-01-15,00+,DE-HE,54,FALSE,1,75.3265,74,7.99480182231486,7.413,62,64,69,70,74,80,81,85,89,94,1.00039811500724,1871.28863374634,1810.11194657298,66,2022-01-20
"Independent by age, Reference: Week and day of week, Report: Day of week",2022-01-20,2022-01-16,00+,DE-HE,29,FALSE,1,45.9265,45,6.29181143992712,5.9304,36,37,41,42,45,50,51,54,57,60,0.999672031370526,1972.64834937792,1904.38422560453,39,2022-01-20
"Independent by age, Reference: Week and day of week, Report: Day of week",2022-01-20,2022-01-17,00+,DE-HE,12,FALSE,1,25.1795,25,5.49521413952356,5.9304,16.975,17,21,21,25,29,29,32,35,38,1.00032141545644,2028.13727107523,1694.22319785999,19,2022-01-20
"Independent by age, Reference: Week and day of week, Report: Day of week",2022-01-20,2022-01-18,00+,DE-HE,54,FALSE,1,77.3215,76,8.9540619476683,7.413,63,65,70,71,76,82,84,88,93.05,100,0.999683512648945,2201.64520993085,1930.79329403177,67,2022-01-20
"Independent by age, Reference: Week and day of week, Report: Day of week",2022-01-20,2022-01-19,00+,DE-HE,37,FALSE,1,82.372,79,18.309648757385,16.3086,56.975,59,67,70,79,92,95,105.1,116,125,1.00090333889846,2425.53207009506,1954.8886723935,63,2022-01-20
"Independent by age, Reference: Week and day of week, Report: Day of week",2022-01-20,2022-01-20,00+,DE-HE,18,FALSE,1,71.4975,67,22.6714135034656,20.0151,40,43,52,56,67,84,88,100,113.05,124,0.999963916211834,3004.49012606146,1777.36645093877,47,2022-01-20
"Independent by age, Reference: Week and day of week, Report: Day of week",2022-01-20,2021-12-12,00+,DE-HH,13,FALSE,1,12.974,13,0.580941258969602,0,13,13,13,13,13,13,13,13,13,13,1.00301963445227,803.897247458402,,13,2022-01-20
"Independent by age, Reference: Week and day of week, Report: Day of week",2022-01-20,2021-12-13,00+,DE-HH,13,FALSE,1,12.9965,13,0.601388879421748,0,13,13,13,13,13,13,13,13,13,13,1.00270066271859,1584.652783324,1906.78681184047,13,2022-01-20
"Independent by age, Reference: Week and day of week, Report: Day of week",2022-01-20,2021-12-14,00+,DE-HH,24,FALSE,1,24.002,24,1.10118222885705,0,24,24,24,24,24,24,24,24,24,25,1.0129453587141,865.938170946667,978.174323435062,24,2022-01-20
"Independent by age, Reference: Week and day of week, Report: Day of week",2022-01-20,2021-12-15,00+,DE-HH,18,FALSE,1,18.0395,18,0.855163962466468,0,18,18,18,18,18,18,18,18,19,19,1.01302644436036,790.319257311057,883.474425915494,18,2022-01-20
"Independent by age, Reference: Week and day of week, Report: Day of week",2022-01-20,2021-12-16,00+,DE-HH,22,FALSE,1,22.045,22,1.04475870916695,0,22,22,22,22,22,22,22,22,23,23,1.01359713734422,1343.01409808903,1348.49474332325,22,2022-01-20
"Independent by age, Reference: Week and day of week, Report: Day of week",2022-01-20,2021-12-17,00+,DE-HH,16,FALSE,1,16.087,16,0.81410219333361,0,16,16,16,16,16,16,16,17,17,17,1.00362151533506,1080.32564300513,1574.81137176793,16,2022-01-20
"Independent by age, Reference: Week and day of week, Report: Day of week",2022-01-20,2021-12-18,00+,DE-HH,21,FALSE,1,21.0845,21,1.0143343566564,0,21,21,21,21,21,21,21,22,22,22,1.00180906842338,1582.48159002628,1655.62770819423,21,2022-01-20
"Independent by age, Reference: Week and day of week, Report: Day of week",2022-01-20,2021-12-19,00+,DE-HH,8,FALSE,1,8.0555,8,0.462089291432542,0,8,8,8,8,8,8,8,8,9,9,1.00072540204542,1570.98288077046,1698.60566274982,8,2022-01-20
"Independent by age, Reference: Week and day of week, Report: Day of week",2022-01-20,2021-12-20,00+,DE-HH,6,FALSE,1,6.0965,6,0.438501872226303,0,6,6,6,6,6,6,6,6,7,7,1.00110043084224,1537.83079585821,1694.92084457339,6,2022-01-20
"Independent by age, Reference: Week and day of week, Report: Day of week",2022-01-20,2021-12-21,00+,DE-HH,29,FALSE,1,29.081,29,1.35807259768773,0,29,29,29,29,29,29,29,30,30,30,1.00365689414396,1736.46959047556,1825.17341360062,29,2022-01-20
"Independent by age, Reference: Week and day of week, Report: Day of week",2022-01-20,2021-12-22,00+,DE-HH,23,FALSE,1,23.1315,23,1.12509584939914,0,23,23,23,23,23,23,23,24,24,24,1.00010644291228,1613.44780243157,1824.63966003662,23,2022-01-20
"Independent by age, Reference: Week and day of week, Report: Day of week",2022-01-20,2021-12-23,00+,DE-HH,12,FALSE,1,12.162,12,0.713449721601057,0,12,12,12,12,12,12,12,13,13,13,1.0116575806781,1016.01737665368,1153.58718202321,12,2022-01-20
"Independent by age, Reference: Week and day of week, Report: Day of week",2022-01-20,2021-12-24,00+,DE-HH,15,FALSE,1,15.121,15,0.79099420725942,0,15,15,15,15,15,15,15,16,16,16,1.00816761056255,1008.94248119119,1123.85038403145,15,2022-01-20
"Independent by age, Reference: Week and day of week, Report: Day of week",2022-01-20,2021-12-25,00+,DE-HH,11,FALSE,1,11.1335,11,0.637872393661379,0,11,11,11,11,11,11,11,12,12,12,1.00722940432759,1543.15366687038,1610.62846309271,11,2022-01-20
"Independent by age, Reference: Week and day of week, Report: Day of week",2022-01-20,2021-12-26,00+,DE-HH,9,FALSE,1,9.06,9,0.505497540925711,0,9,9,9,9,9,9,9,9,10,10,1.00743152185642,1209.16642489723,1146.3790499902,9,2022-01-20
"Independent by age, Reference: Week and day of week, Report: Day of week",2022-01-20,2021-12-27,00+,DE-HH,12,FALSE,1,12.1085,12,0.669291958612183,0,12,12,12,12,12,12,12,13,13,13,1.00241763007378,1006.3278164165,748.575436368472,12,2022-01-20
"Independent by age, Reference: Week and day of week, Report: Day of week",2022-01-20,2021-12-28,00+,DE-HH,22,FALSE,1,22.1165,22,1.07912464757437,0,22,22,22,22,22,22,22,23,23,23,1.0123812187117,1352.75312912637,1365.31951870115,22,2022-01-20
"Independent by age, Reference: Week and day of week, Report: Day of week",2022-01-20,2021-12-29,00+,DE-HH,24,FALSE,1,24.1425,24,1.17383248010339,0,24,24,24,24,24,24,24,25,25,25,1.00767509200952,1143.80715223525,1536.09221503973,24,2022-01-20
"Independent by age, Reference: Week and day of week, Report: Day of week",2022-01-20,2021-12-30,00+,DE-HH,27,FALSE,1,27.192,27,1.32552423865187,0,27,27,27,27,27,27,28,28,28,29,1.02227766234008,255.229622879043,293.080637363696,27,2022-01-20
"Independent by age, Reference: Week and day of week, Report: Day of week",2022-01-20,2021-12-31,00+,DE-HH,23,FALSE,1,23.394,23,1.26789896438634,0,23,23,23,23,23,24,24,24,25,25,1.00854428757922,1267.020812793,1491.672590176,23,2022-01-20
"Independent by age, Reference: Week and day of week, Report: Day of week",2022-01-20,2022-01-01,00+,DE-HH,10,FALSE,1,10.398,10,0.830024379301667,0,10,10,10,10,10,11,11,11,12,12,1.01074304018129,1713.81905723904,1606.48711212179,10,2022-01-20
"Independent by age, Reference: Week and day of week, Report: Day of week",2022-01-20,2022-01-02,00+,DE-HH,10,FALSE,1,10.2005,10,0.687412552990564,0,10,10,10,10,10,10,10,11,11,12,1.01476325363187,989.77324035205,911.652904255652,10,2022-01-20
"Independent by age, Reference: Week and day of week, Report: Day of week",2022-01-20,2022-01-03,00+,DE-HH,11,FALSE,1,11.322,11,0.806623406962834,0,11,11,11,11,11,12,12,12,13,13,1.00273418481787,1489.3886749679,1560.82651838281,11,2022-01-20
"Independent by age, Reference: Week and day of week, Report: Day of week",2022-01-20,2022-01-04,00+,DE-HH,21,FALSE,1,21.3945,21,1.21474588032925,0,21,21,21,21,21,22,22,22,23,23,1.02713780450272,130.645880188957,305.114467003381,21,2022-01-20
"Independent by age, Reference: Week and day of week, Report: Day of week",2022-01-20,2022-01-05,00+,DE-HH,24,FALSE,1,24.5215,24,1.36874924191527,0,24,24,24,24,24,25,25,26,26,27,1.00493503895105,1788.78061895678,1893.39635787296,24,2022-01-20
"Independent by age, Reference: Week and day of week, Report: Day of week",2022-01-20,2022-01-06,00+,DE-HH,23,FALSE,1,23.749,24,1.44431368511501,1.4826,23,23,23,23,24,24,24,25,26,26,1.01842184383496,571.107989977425,1226.26911170482,23,2022-01-20
"Independent by age, Reference: Week and day of week, Report: Day of week",2022-01-20,2022-01-07,00+,DE-HH,26,FALSE,1,27.3705,27,1.8250740252381,1.4826,26,26,26,26,27,28,28,29,30,31,1.00056663209115,1337.4900303579,1586.31927990425,26,2022-01-20
"Independent by age, Reference: Week and day of week, Report: Day of week",2022-01-20,2022-01-08,00+,DE-HH,49,FALSE,1,49.507,49,2.40350565210691,0,49,49,49,49,49,50,50,51,52,52,1.08140430559071,18.9454383892529,27.568850072804,49,2022-01-20
"Independent by age, Reference: Week and day of week, Report: Day of week",2022-01-20,2022-01-09,00+,DE-HH,6,FALSE,1,6.3535,6,0.820898707115361,0,6,6,6,6,6,6,7,7,7.5,7.5,1.10351150806948,15.7506205917066,14.916813252117,6,2022-01-20
"Independent by age, Reference: Week and day of week, Report: Day of week",2022-01-20,2022-01-10,00+,DE-HH,8,FALSE,1,8.4285,8,0.849263430383702,0,8,8,8,8,8,9,9,9,10,10,1.02773121648119,181.578880544402,506.541462360939,8,2022-01-20
"Independent by age, Reference: Week and day of week, Report: Day of week",2022-01-20,2022-01-11,00+,DE-HH,33,FALSE,1,33.562,33,1.8351675454737,0,33,33,33,33,33,34,34,35,36,37,1.15011079156166,10.6965589548998,10.7243841952633,33,2022-01-20
"Independent by age, Reference: Week and day of week, Report: Day of week",2022-01-20,2022-01-12,00+,DE-HH,11,FALSE,1,11.8575,11,1.39038136141315,0,11,11,11,11,11,12,13,13,13.75,13.75,1.11332301831753,13.9926592251428,18.6790474741314,11,2022-01-20
"Independent by age, Reference: Week and day of week, Report: Day of week",2022-01-20,2022-01-13,00+,DE-HH,32,FALSE,1,33.396,33,2.24581963944714,1.4826,32,32,32,32,33,34,35,36,37,38,1.20466413567235,6.96408770732877,12.5394249076595,32,2022-01-20
"Independent by age, Reference: Week and day of week, Report: Day of week",2022-01-20,2022-01-14,00+,DE-HH,17,FALSE,1,19.756,19,2.51030173632647,1.4826,17,17,18,18,19,21,21,23,23.75,23.75,1.09372348768089,14.5694929384758,291.832225905065,17,2022-01-20
"Independent by age, Reference: Week and day of week, Report: Day of week",2022-01-20,2022-01-15,00+,DE-HH,24,FALSE,1,25.973,25,3.08204810317022,1.4826,24,24,24,24,25,27,28,30,31.25,31.25,1.37402363501991,4.52770253572529,6.40414068013338,24,2022-01-20
"Independent by age, Reference: Week and day of week, Report: Day of week",2022-01-20,2022-01-16,00+,DE-HH,5,FALSE,1,7.1995,6,3.34563841414447,1.4826,5,5,5,5,6,7.5,7.5,7.5,7.5,7.5,1.41227638496557,4.28135020163912,5.32293755099458,5,2022-01-20
"Independent by age, Reference: Week and day of week, Report: Day of week",2022-01-20,2022-01-17,00+,DE-HH,5,FALSE,1,7.819,7,3.61106063081745,2.9652,5,5,5,5,7,8.75,8.75,8.75,8.75,8.75,1.2819574824483,5.44110458176562,14.3928009973402,5,2022-01-20
"Independent by age, Reference: Week and day of week, Report: Day of week",2022-01-20,2022-01-18,00+,DE-HH,19,FALSE,1,23.8355,23,4.88388840300088,2.9652,19,19,20,21,23,26,27,28.75,28.75,28.75,1.23281588550932,6.40253336330613,175.26503666804,20,2022-01-20
"Independent by age, Reference: Week and day of week, Report: Day of week",2022-01-20,2022-01-19,00+,DE-HH,21,FALSE,1,30.247,29,7.33913635663152,5.9304,22,22,25,25.75,29,33,35,36.25,36.25,36.25,1.13763016881867,10.2800191692376,168.992817501102,23,2022-01-20
"Independent by age, Reference: Week and day of week, Report: Day of week",2022-01-20,2022-01-20,00+,DE-HH,0,FALSE,1,16.994,15,9.79571038623465,8.8956,3.975,5,9,10,15,18.75,18.75,18.75,18.75,18.75,1.01525191143243,432.819801030498,1103.19081535766,7,2022-01-20
"Independent by age, Reference: Week and day of week, Report: Day of week",2022-01-20,2021-12-12,00+,DE-MV,31,FALSE,1,31,31,0,0,31,31,31,31,31,31,31,31,31,31,,,,31,2022-01-20
"Independent by age, Reference: Week and day of week, Report: Day of week",2022-01-20,2021-12-13,00+,DE-MV,24,FALSE,1,24.0275,24,0.163576063543179,0,24,24,24,24,24,24,24,24,24,25,0.999366953903197,1971.46800343068,1971.46800343068,24,2022-01-20
"Independent by age, Reference: Week and day of week, Report: Day of week",2022-01-20,2021-12-14,00+,DE-MV,20,FALSE,1,20.038,20,0.198936642914137,0,20,20,20,20,20,20,20,20,20,21,0.999388411563657,1765.91251525167,1795.67571125983,20,2022-01-20
"Independent by age, Reference: Week and day of week, Report: Day of week",2022-01-20,2021-12-15,00+,DE-MV,48,FALSE,1,48.147,48,0.400588611442973,0,48,48,48,48,48,48,48,49,49,49,1.00000155256151,1924.78145714372,1830.78064130685,48,2022-01-20
"Independent by age, Reference: Week and day of week, Report: Day of week",2022-01-20,2021-12-16,00+,DE-MV,46,FALSE,1,46.2405,46,0.508713224294677,0,46,46,46,46,46,46,47,47,47,48,0.999457794520038,1820.53103742337,1798.45649752899,46,2022-01-20
"Independent by age, Reference: Week and day of week, Report: Day of week",2022-01-20,2021-12-17,00+,DE-MV,58,FALSE,1,58.402,58,0.656971693380279,0,58,58,58,58,58,59,59,59,60,60,0.999264857480047,2020.68281224347,2040.36186122143,58,2022-01-20
"Independent by age, Reference: Week and day of week, Report: Day of week",2022-01-20,2021-12-18,00+,DE-MV,36,FALSE,1,36.3505,36,0.618741602436181,0,36,36,36,36,36,37,37,37,38,38,0.999669230246223,1905.05680943102,1817.8033889776,36,2022-01-20
"Independent by age, Reference: Week and day of week, Report: Day of week",2022-01-20,2021-12-19,00+,DE-MV,24,FALSE,1,24.236,24,0.501427676596963,0,24,24,24,24,24,24,25,25,25,26,1.0001753718575,1711.5845648503,1742.87177043663,24,2022-01-20
"Independent by age, Reference: Week and day of week, Report: Day of week",2022-01-20,2021-12-20,00+,DE-MV,15,FALSE,1,15.255,15,0.532086983752788,0,15,15,15,15,15,15,16,16,16,17,0.999610697249812,2006.62855267811,1985.00562763618,15,2022-01-20
"Independent by age, Reference: Week and day of week, Report: Day of week",2022-01-20,2021-12-21,00+,DE-MV,25,FALSE,1,25.3015,25,0.556554243819196,0,25,25,25,25,25,26,26,26,26,27,1.00028549087089,1857.93079751035,1805.90540769747,25,2022-01-20
"Independent by age, Reference: Week and day of week, Report: Day of week",2022-01-20,2021-12-22,00+,DE-MV,59,FALSE,1,59.815,60,0.962412655288536,1.4826,59,59,59,59,60,60,61,61,62,62,1.0004594705462,1993.90171688546,1942.15802735035,59,2022-01-20
"Independent by age, Reference: Week and day of week, Report: Day of week",2022-01-20,2021-12-23,00+,DE-MV,34,FALSE,1,34.8115,35,0.94467664149088,1.4826,34,34,34,34,35,35,35,36,37,37,1.00111086827089,1898.40546978958,1818.08850378091,34,2022-01-20
"Independent by age, Reference: Week and day of week, Report: Day of week",2022-01-20,2021-12-24,00+,DE-MV,23,FALSE,1,24.0245,24,1.1128876895288,1.4826,23,23,23,23,24,25,25,25,26,27,1.00061180781594,1890.17656741237,1707.98201536424,23,2022-01-20
"Independent by age, Reference: Week and day of week, Report: Day of week",2022-01-20,2021-12-25,00+,DE-MV,21,FALSE,1,22.113,22,1.1308715378935,1.4826,21,21,21,21,22,23,23,24,24,25,0.999179992714684,1959.05951520406,1862.83426442503,21,2022-01-20
"Independent by age, Reference: Week and day of week, Report: Day of week",2022-01-20,2021-12-26,00+,DE-MV,21,FALSE,1,21.7595,22,0.964429786146303,1.4826,21,21,21,21,22,22,22,23,24,24,0.999643423222988,1581.6546609778,1536.1748232087,21,2022-01-20
"Independent by age, Reference: Week and day of week, Report: Day of week",2022-01-20,2021-12-27,00+,DE-MV,9,FALSE,1,9.7215,9,0.905730602310632,0,9,9,9,9,9,10,10,11,11,12,1.0016208886951,1637.50976345797,1771.23722629428,9,2022-01-20
"Independent by age, Reference: Week and day of week, Report: Day of week",2022-01-20,2021-12-28,00+,DE-MV,19,FALSE,1,19.881,20,1.03700370700599,1.4826,19,19,19,19,20,20,21,21,22,22,1.00016416367155,1928.71674095095,1907.59676150257,19,2022-01-20
"Independent by age, Reference: Week and day of week, Report: Day of week",2022-01-20,2021-12-29,00+,DE-MV,36,FALSE,1,38.547,38,1.89673134494515,1.4826,36,36,37,37,38,40,40,41,42,43,1.00058429280121,2090.00849370693,1874.68817938338,36,2022-01-20
"Independent by age, Reference: Week and day of week, Report: Day of week",2022-01-20,2021-12-30,00+,DE-MV,27,FALSE,1,29.3285,29,1.73207615129848,1.4826,27,27,28,28,29,30,31,31.1000000000001,32,33,1.00086011781285,1935.94728806855,1830.34462842711,27,2022-01-20
"Independent by age, Reference: Week and day of week, Report: Day of week",2022-01-20,2021-12-31,00+,DE-MV,30,FALSE,1,32.4375,32,1.79379558514917,1.4826,30,30,31,31,32,34,34,35,36,37,1.00184546964715,1926.07846475219,1930.65077609332,30,2022-01-20
"Independent by age, Reference: Week and day of week, Report: Day of week",2022-01-20,2022-01-01,00+,DE-MV,29,FALSE,1,31.682,31,1.88298933199639,1.4826,29,29,30,30,31,33,33,34,35,36,0.9999171406199,2094.83697236464,1929.05232607214,30,2022-01-20
"Independent by age, Reference: Week and day of week, Report: Day of week",2022-01-20,2022-01-02,00+,DE-MV,5,FALSE,1,6.139,6,1.20391183308867,1.4826,5,5,5,5,6,7,7,8,8,9,1.00061749435819,1966.71205342337,1990.47866986842,5,2022-01-20
"Independent by age, Reference: Week and day of week, Report: Day of week",2022-01-20,2022-01-03,00+,DE-MV,19,FALSE,1,20.6155,20,1.41267745037195,1.4826,19,19,19,20,20,21,22,23,23,24,1.00127664006232,1773.81061708694,1878.6819264122,19,2022-01-20
"Independent by age, Reference: Week and day of week, Report: Day of week",2022-01-20,2022-01-04,00+,DE-MV,23,FALSE,1,24.879,25,1.52398171253138,1.4826,23,23,24,24,25,26,26,27,28,28,0.999999554923277,1933.78325108704,1931.85623219985,23,2022-01-20
"Independent by age, Reference: Week and day of week, Report: Day of week",2022-01-20,2022-01-05,00+,DE-MV,37,FALSE,1,42.21,42,2.9100058534363,2.9652,38,38,40,40,42,44,44,46,47,49,1.00232489053718,1731.06243475213,1742.58518260314,39,2022-01-20
"Independent by age, Reference: Week and day of week, Report: Day of week",2022-01-20,2022-01-06,00+,DE-MV,42,FALSE,1,48.4225,48,3.25227341888649,2.9652,43,44,46,46,48,50,51,53,54,56,1.00021144532359,1809.80592554048,1828.98612184321,45,2022-01-20
"Independent by age, Reference: Week and day of week, Report: Day of week",2022-01-20,2022-01-07,00+,DE-MV,35,FALSE,1,40.9515,41,3.0495569594327,2.9652,36,37,38,39,41,43,43,45,47,48,1.00000046743718,1601.78326325085,1936.1768353333,37,2022-01-20
"Independent by age, Reference: Week and day of week, Report: Day of week",2022-01-20,2022-01-08,00+,DE-MV,24,FALSE,1,28.2815,28,2.51662958383452,2.9652,24,25,26,26,28,30,30,32,33,34,1.00245087145729,2091.68342228464,1967.71912184045,25,2022-01-20
"Independent by age, Reference: Week and day of week, Report: Day of week",2022-01-20,2022-01-09,00+,DE-MV,10,FALSE,1,12.2945,12,1.80980867876327,1.4826,10,10,11,11,12,13,14,15,16,17,1.00024792124808,1940.41537126617,1843.82651746388,10,2022-01-20
"Independent by age, Reference: Week and day of week, Report: Day of week",2022-01-20,2022-01-10,00+,DE-MV,7,FALSE,1,8.9865,9,1.60268588657463,1.4826,7,7,8,8,9,10,10,11,12,13,0.999616928375374,1733.68761897862,1746.88236349862,7,2022-01-20
"Independent by age, Reference: Week and day of week, Report: Day of week",2022-01-20,2022-01-11,00+,DE-MV,16,FALSE,1,18.114,18,1.72409113596775,1.4826,16,16,17,17,18,19,19,20,21,22,0.999388649873383,1798.68980757453,1806.67454061296,16,2022-01-20
"Independent by age, Reference: Week and day of week, Report: Day of week",2022-01-20,2022-01-12,00+,DE-MV,28,FALSE,1,34.361,34,3.32298060482604,2.9652,29,30,32,32,34,36,37,39,40.05,42,0.999952186841534,2108.5329354376,1922.33546353076,31,2022-01-20
"Independent by age, Reference: Week and day of week, Report: Day of week",2022-01-20,2022-01-13,00+,DE-MV,16,FALSE,1,22.1375,22,3.32612767533905,2.9652,17,18,19,20,22,24,25,27,28,30,1.0005918386013,1517.16079313157,1634.08768023521,18,2022-01-20
"Independent by age, Reference: Week and day of week, Report: Day of week",2022-01-20,2022-01-14,00+,DE-MV,21,FALSE,1,27.5735,27,3.52133464027837,2.9652,22,23,25,25,27,30,30,32,34,36,1.00195098492373,2180.4156887217,1986.0489033669,24,2022-01-20
"Independent by age, Reference: Week and day of week, Report: Day of week",2022-01-20,2022-01-15,00+,DE-MV,17,FALSE,1,24.741,24,4.22336801838407,4.4478,18,19,21,22,24,27,28,30,33,34,1.00076972692007,2088.04803550106,2018.39548431499,20,2022-01-20
"Independent by age, Reference: Week and day of week, Report: Day of week",2022-01-20,2022-01-16,00+,DE-MV,17,FALSE,1,24.8255,24,4.53114945766567,4.4478,18,19,21,22,24,27,28,31,33,36,1.0021348094384,1662.74307120948,1571.73396986495,20,2022-01-20
"Independent by age, Reference: Week and day of week, Report: Day of week",2022-01-20,2022-01-17,00+,DE-MV,5,FALSE,1,10.3635,10,3.28690882666639,2.9652,6,6,8,8,10,12,13,15,16.05,18,1.00075608830733,2171.39213544706,1876.87703435073,7,2022-01-20
"Independent by age, Reference: Week and day of week, Report: Day of week",2022-01-20,2022-01-18,00+,DE-MV,11,FALSE,1,15.436,15,3.04918887187858,2.9652,11,12,13,13,15,17,18,20,21,23,0.999592549534553,2383.80986553245,1930.02615957218,12,2022-01-20
"Independent by age, Reference: Week and day of week, Report: Day of week",2022-01-20,2022-01-19,00+,DE-MV,10,FALSE,1,19.6365,19,5.72763220147014,4.4478,12,13,15,16,19,22,23,27,31,34,1.0002519888833,2739.0366530076,2103.78065181219,13.9,2022-01-20
"Independent by age, Reference: Week and day of week, Report: Day of week",2022-01-20,2022-01-20,00+,DE-MV,5,FALSE,1,17.4455,16,8.02316741428713,5.9304,7,8,11,12,16,21,23,27,33,38,0.999880003093193,2872.85361198396,1869.57627756012,9,2022-01-20
"Independent by age, Reference: Week and day of week, Report: Day of week",2022-01-20,2021-12-12,00+,DE-NI,53,FALSE,1,53,53,0,0,53,53,53,53,53,53,53,53,53,53,,,,53,2022-01-20
"Independent by age, Reference: Week and day of week, Report: Day of week",2022-01-20,2021-12-13,00+,DE-NI,14,FALSE,1,14.003,14,0.0547037132937433,0,14,14,14,14,14,14,14,14,14,14,1.00011408145877,2017.99785430585,2017.99785430585,14,2022-01-20
"Independent by age, Reference: Week and day of week, Report: Day of week",2022-01-20,2021-12-14,00+,DE-NI,49,FALSE,1,49.016,49,0.12943097074539,0,49,49,49,49,49,49,49,49,49,49,0.999094759864998,2071.14626169516,2071.50717251975,49,2022-01-20
"Independent by age, Reference: Week and day of week, Report: Day of week",2022-01-20,2021-12-15,00+,DE-NI,84,FALSE,1,84.075,84,0.283575752848867,0,84,84,84,84,84,84,84,84,85,85,0.999931550088115,1769.64540479996,1744.80573884361,84,2022-01-20
"Independent by age, Reference: Week and day of week, Report: Day of week",2022-01-20,2021-12-16,00+,DE-NI,97,FALSE,1,97.1535,97,0.409904575334846,0,97,97,97,97,97,97,97,98,98,98,0.999108574558372,1819.7283426889,1850.44237295119,97,2022-01-20
"Independent by age, Reference: Week and day of week, Report: Day of week",2022-01-20,2021-12-17,00+,DE-NI,50,FALSE,1,50.222,50,0.482527114479699,0,50,50,50,50,50,50,50,51,51,51,1.00051726192336,1884.69075783312,1874.27562595765,50,2022-01-20
"Independent by age, Reference: Week and day of week, Report: Day of week",2022-01-20,2021-12-18,00+,DE-NI,55,FALSE,1,55.321,55,0.589179570490306,0,55,55,55,55,55,56,56,56,56,57,1.00028158924844,1617.96660376815,1685.79333861126,55,2022-01-20
"Independent by age, Reference: Week and day of week, Report: Day of week",2022-01-20,2021-12-19,00+,DE-NI,35,FALSE,1,35.306,35,0.592063568913691,0,35,35,35,35,35,35,36,36,36,37,0.999102943394078,1841.15761149653,1816.30230715641,35,2022-01-20
"Independent by age, Reference: Week and day of week, Report: Day of week",2022-01-20,2021-12-20,00+,DE-NI,14,FALSE,1,14.19,14,0.448330793332474,0,14,14,14,14,14,14,14,15,15,15,0.999765882935284,2038.55078885598,1993.65534387831,14,2022-01-20
"Independent by age, Reference: Week and day of week, Report: Day of week",2022-01-20,2021-12-21,00+,DE-NI,42,FALSE,1,42.3225,42,0.581947662200623,0,42,42,42,42,42,43,43,43,43,44,1.00044721313561,1907.37206945177,1937.14690509989,42,2022-01-20
"Independent by age, Reference: Week and day of week, Report: Day of week",2022-01-20,2021-12-22,00+,DE-NI,65,FALSE,1,65.7975,66,0.987411383679726,1.4826,65,65,65,65,66,66,66,67,68,68,1.00014107263397,1816.6962185776,1854.22368034083,65,2022-01-20
"Independent by age, Reference: Week and day of week, Report: Day of week",2022-01-20,2021-12-23,00+,DE-NI,40,FALSE,1,40.6565,40,0.863643844617197,0,40,40,40,40,40,41,41,42,42,43,0.999156656016567,1544.70963777934,1925.64333532372,40,2022-01-20
"Independent by age, Reference: Week and day of week, Report: Day of week",2022-01-20,2021-12-24,00+,DE-NI,43,FALSE,1,43.8255,44,1.02497562776817,1.4826,43,43,43,43,44,44,45,45,46,46,1.00138074218063,1655.10857826187,1906.60870726298,43,2022-01-20
"Independent by age, Reference: Week and day of week, Report: Day of week",2022-01-20,2021-12-25,00+,DE-NI,24,FALSE,1,24.847,25,1.04409581362728,1.4826,24,24,24,24,25,25,26,26,27,27,1.0000363793323,1969.79030970583,1874.91620312256,24,2022-01-20
"Independent by age, Reference: Week and day of week, Report: Day of week",2022-01-20,2021-12-26,00+,DE-NI,17,FALSE,1,17.457,17,0.722088433540468,0,17,17,17,17,17,18,18,18,19,19,0.999330591908467,2043.77147587041,1952.16781957344,17,2022-01-20
"Independent by age, Reference: Week and day of week, Report: Day of week",2022-01-20,2021-12-27,00+,DE-NI,12,FALSE,1,12.407,12,0.661490578082898,0,12,12,12,12,12,13,13,13,14,14,0.999653534933267,1918.15837573824,1939.98777155364,12,2022-01-20
"Independent by age, Reference: Week and day of week, Report: Day of week",2022-01-20,2021-12-28,00+,DE-NI,43,FALSE,1,43.8105,44,0.970598155979186,1.4826,43,43,43,43,44,44,45,45,46,46,0.999247099342186,2096.25606245975,2049.09209612859,43,2022-01-20
"Independent by age, Reference: Week and day of week, Report: Day of week",2022-01-20,2021-12-29,00+,DE-NI,51,FALSE,1,52.4835,52,1.38191265689827,1.4826,51,51,51,51,52,53,54,54,55,56,1.00114446251821,1831.59110050899,1899.96539093103,51,2022-01-20
"Independent by age, Reference: Week and day of week, Report: Day of week",2022-01-20,2021-12-30,00+,DE-NI,41,FALSE,1,42.6915,42,1.46744827923376,1.4826,41,41,41,42,42,44,44,45,45,46,1.00220656412954,1896.1898764855,1922.18634027251,41,2022-01-20
"Independent by age, Reference: Week and day of week, Report: Day of week",2022-01-20,2021-12-31,00+,DE-NI,46,FALSE,1,49.019,49,2.15080263529409,1.4826,46,46,47,47,49,50,51,52,53,54,1.00225460024487,1496.81038162689,1678.83461934086,47,2022-01-20
"Independent by age, Reference: Week and day of week, Report: Day of week",2022-01-20,2022-01-01,00+,DE-NI,33,FALSE,1,36.0935,36,2.13542449383827,1.4826,33,33,34,35,36,37,38,39,40,41,0.999612594138929,1967.36453853889,1517.3895395708,34,2022-01-20
"Independent by age, Reference: Week and day of week, Report: Day of week",2022-01-20,2022-01-02,00+,DE-NI,12,FALSE,1,13.2115,13,1.21593873344908,1.4826,12,12,12,12,13,14,14,15,15,16,0.999529748403798,2013.63153704476,1656.97885439632,12,2022-01-20
"Independent by age, Reference: Week and day of week, Report: Day of week",2022-01-20,2022-01-03,00+,DE-NI,10,FALSE,1,11.0435,11,1.1525067834694,1.4826,10,10,10,10,11,12,12,13,13,14,0.99926955232169,1817.87196787123,1868.40919306161,10,2022-01-20
"Independent by age, Reference: Week and day of week, Report: Day of week",2022-01-20,2022-01-04,00+,DE-NI,47,FALSE,1,49.2835,49,1.74001194558698,1.4826,47,47,48,48,49,50,50,52,53,54,0.999559675266261,1899.26041448305,1953.19820473914,47,2022-01-20
"Independent by age, Reference: Week and day of week, Report: Day of week",2022-01-20,2022-01-05,00+,DE-NI,52,FALSE,1,56.728,56,2.762577042538,2.9652,53,53,54,55,56,58,59,60,62,63,1.00122938070817,2016.02785342092,1646.90089135301,54,2022-01-20
"Independent by age, Reference: Week and day of week, Report: Day of week",2022-01-20,2022-01-06,00+,DE-NI,40,FALSE,1,45.055,45,2.93977824811227,2.9652,41,41,43,43,45,47,47,49,50,52,1.00164663690809,2164.62589447789,1529.88614360204,42,2022-01-20
"Independent by age, Reference: Week and day of week, Report: Day of week",2022-01-20,2022-01-07,00+,DE-NI,41,FALSE,1,47.1695,47,3.37334544328622,2.9652,42,43,44,45,47,49,50,52,53,55,0.999266775663642,2036.87170057211,2038.01011589375,43,2022-01-20
"Independent by age, Reference: Week and day of week, Report: Day of week",2022-01-20,2022-01-08,00+,DE-NI,43,FALSE,1,49.4965,49,3.3936331744992,2.9652,44,45,47,47,49,51,52,54,56,57,0.999486280597688,1701.29193246124,1889.60090940002,46,2022-01-20
"Independent by age, Reference: Week and day of week, Report: Day of week",2022-01-20,2022-01-09,00+,DE-NI,29,FALSE,1,34.8155,34,3.36736236758941,2.9652,30,30,32,32,34,37,37,39,41,43,1.00042634784203,1642.20854597702,1889.42159970559,31,2022-01-20
"Independent by age, Reference: Week and day of week, Report: Day of week",2022-01-20,2022-01-10,00+,DE-NI,11,FALSE,1,14.3695,14,2.34919754694178,1.4826,11,11,12,13,14,16,16,18,19,20,1.00068035235015,1683.76833078759,1949.70777476162,12,2022-01-20
"Independent by age, Reference: Week and day of week, Report: Day of week",2022-01-20,2022-01-11,00+,DE-NI,50,FALSE,1,56.324,56,3.44310201355375,2.9652,51,52,53,54,56,58,59,61,63,64,1.00025399405949,1785.61287170777,1616.60657515885,52,2022-01-20
"Independent by age, Reference: Week and day of week, Report: Day of week",2022-01-20,2022-01-12,00+,DE-NI,45,FALSE,1,54.6435,54,4.61281332522645,4.4478,47,48,51,51,54,57,58,61,63,65,1.00296951398597,1796.17134866939,1903.06207525986,49,2022-01-20
"Independent by age, Reference: Week and day of week, Report: Day of week",2022-01-20,2022-01-13,00+,DE-NI,40,FALSE,1,49.784,49,4.57305154138898,4.4478,43,44,46,47,49,52,53,56,58,61,1.00032363838762,1835.89449617386,2004.16787476617,45,2022-01-20
"Independent by age, Reference: Week and day of week, Report: Day of week",2022-01-20,2022-01-14,00+,DE-NI,38,FALSE,1,49.843,49,5.4672933567099,4.4478,42,43,45,46,49,53,54,57,60,63,0.999969215863562,2325.70668037225,2006.01114694584,44,2022-01-20
"Independent by age, Reference: Week and day of week, Report: Day of week",2022-01-20,2022-01-15,00+,DE-NI,28,FALSE,1,41.3675,40,6.3115260777973,5.9304,32,33,36,37,40,45,46,49,53,56,1.0015793136011,2007.12470426089,1859.49141922373,34,2022-01-20
"Independent by age, Reference: Week and day of week, Report: Day of week",2022-01-20,2022-01-16,00+,DE-NI,33,FALSE,1,52.5145,51,8.56361240825035,7.413,39,41,45,46,51,57.25,59,63,68,73,1.00083515417962,2010.82624386669,1645.06038044286,43,2022-01-20
"Independent by age, Reference: Week and day of week, Report: Day of week",2022-01-20,2022-01-17,00+,DE-NI,18,FALSE,1,31.5535,31,6.739350649253,5.9304,22,23,26,27,31,35,36,40,44,47,0.999773370518712,2244.27650322703,2041.94630755267,24,2022-01-20
"Independent by age, Reference: Week and day of week, Report: Day of week",2022-01-20,2022-01-18,00+,DE-NI,50,FALSE,1,68.853,67,8.97149011131421,7.413,56,57,61,62,67,74,76,81,86,89,1.00000581680313,2383.48888979398,2114.50110413731,59,2022-01-20
"Independent by age, Reference: Week and day of week, Report: Day of week",2022-01-20,2022-01-19,00+,DE-NI,22,FALSE,1,47.852,45,13.7721433323206,11.8608,30,32,37,38,45,54.25,57,66,74,82.0249999999999,1.00191890226196,2138.78146918644,2023.9405409932,34,2022-01-20
"Independent by age, Reference: Week and day of week, Report: Day of week",2022-01-20,2022-01-20,00+,DE-NI,22,FALSE,1,58.813,53,24.1484286093765,16.3086,31,34,41,44,53,68,72,87,102,119,0.999330250982168,2909.93656862484,1973.27308871681,37,2022-01-20
"Independent by age, Reference: Week and day of week, Report: Day of week",2022-01-20,2021-12-12,00+,DE-NW,162,FALSE,1,162,162,0,0,162,162,162,162,162,162,162,162,162,162,,,,162,2022-01-20
"Independent by age, Reference: Week and day of week, Report: Day of week",2022-01-20,2021-12-13,00+,DE-NW,83,FALSE,1,83.0635,83,0.261728869253088,0,83,83,83,83,83,83,83,83,84,84,1.00044944903461,1923.43701877501,1910.69797543944,83,2022-01-20
"Independent by age, Reference: Week and day of week, Report: Day of week",2022-01-20,2021-12-14,00+,DE-NW,192,FALSE,1,192.264,192,0.516175569558755,0,192,192,192,192,192,192,193,193,193,194,1.00122769245852,2007.91834950543,1983.34418647206,192,2022-01-20
"Independent by age, Reference: Week and day of week, Report: Day of week",2022-01-20,2021-12-15,00+,DE-NW,243,FALSE,1,243.632,243,0.823963262366026,0,243,243,243,243,243,244,244,245,245,246,0.999624558711569,2006.19150147399,1779.02791584639,243,2022-01-20
"Independent by age, Reference: Week and day of week, Report: Day of week",2022-01-20,2021-12-16,00+,DE-NW,182,FALSE,1,182.78,183,0.911051594314917,1.4826,182,182,182,182,183,183,183,184,185,185,1.00026947913574,2004.96159389017,2034.67975255127,182,2022-01-20
"Independent by age, Reference: Week and day of week, Report: Day of week",2022-01-20,2021-12-17,00+,DE-NW,195,FALSE,1,195.9905,196,1.04640203966463,1.4826,195,195,195,195,196,197,197,197,198,199,1.00035444434919,2142.41549397053,2041.02319725278,195,2022-01-20
"Independent by age, Reference: Week and day of week, Report: Day of week",2022-01-20,2021-12-18,00+,DE-NW,187,FALSE,1,188.216,188,1.18027137568448,1.4826,187,187,187,187,188,189,189,190,190,191,0.999195894966385,1856.26113336176,1866.95459100419,187,2022-01-20
"Independent by age, Reference: Week and day of week, Report: Day of week",2022-01-20,2021-12-19,00+,DE-NW,113,FALSE,1,114.044,114,1.06331054478799,1.4826,113,113,113,113,114,115,115,115,116,117,1.00082817540566,1950.88049980534,1919.72300641946,113,2022-01-20
"Independent by age, Reference: Week and day of week, Report: Day of week",2022-01-20,2021-12-20,00+,DE-NW,98,FALSE,1,99.0585,99,1.04815412203157,1.4826,98,98,98,98,99,100,100,100,101,102,0.999596001194801,2186.29989034792,1966.19832539802,98,2022-01-20
"Independent by age, Reference: Week and day of week, Report: Day of week",2022-01-20,2021-12-21,00+,DE-NW,165,FALSE,1,166.768,167,1.40255466196148,1.4826,165,165,166,166,167,168,168,169,169,170,1.00092549710309,2017.80142106299,1779.99427440665,165,2022-01-20
"Independent by age, Reference: Week and day of week, Report: Day of week",2022-01-20,2021-12-22,00+,DE-NW,191,FALSE,1,193.638,193,1.77412788853635,1.4826,191,191,192,192,193,195,195,196,197,197.025,1.00067835041321,1924.72888994963,2028.52926902914,192,2022-01-20
"Independent by age, Reference: Week and day of week, Report: Day of week",2022-01-20,2021-12-23,00+,DE-NW,170,FALSE,1,172.6325,172,1.72624845165997,1.4826,170,170,171,171,172,174,174,175,176,177,0.999250467689808,1985.39852715473,1855.61542954213,171,2022-01-20
"Independent by age, Reference: Week and day of week, Report: Day of week",2022-01-20,2021-12-24,00+,DE-NW,164,FALSE,1,167.3885,167,2.00139214929699,1.4826,164,165,166,166,167,169,169,170,171,172,0.999806244976279,2111.36998278787,1785.00817064031,165,2022-01-20
"Independent by age, Reference: Week and day of week, Report: Day of week",2022-01-20,2021-12-25,00+,DE-NW,97,FALSE,1,99.205,99,1.54115624817559,1.4826,97,97,98,98,99,100,100,101,102,103,1.00003908670726,1844.07232827442,1740.28027159538,97,2022-01-20
"Independent by age, Reference: Week and day of week, Report: Day of week",2022-01-20,2021-12-26,00+,DE-NW,51,FALSE,1,52.4885,52,1.28634952386541,1.4826,51,51,51,52,52,53,54,54,55,55,0.999449548756885,2014.39707076406,1809.24695284591,51,2022-01-20
"Independent by age, Reference: Week and day of week, Report: Day of week",2022-01-20,2021-12-27,00+,DE-NW,84,FALSE,1,86.34,86,1.63178778206078,1.4826,84,84,85,85,86,87,88,89,89,90,1.00055318452314,2054.93344622589,1871.97161164779,84,2022-01-20
"Independent by age, Reference: Week and day of week, Report: Day of week",2022-01-20,2021-12-28,00+,DE-NW,174,FALSE,1,178.2545,178,2.24994686169256,2.9652,175,175,176,177,178,180,180,181,182,183,0.999692443384062,2067.97928960655,1730.56850053583,176,2022-01-20
"Independent by age, Reference: Week and day of week, Report: Day of week",2022-01-20,2021-12-29,00+,DE-NW,206,FALSE,1,212.407,212,2.81590405692895,2.9652,208,208,210,210,212,214,215,216,217,219,1.00034868221505,2094.78461719797,1919.59447266931,209,2022-01-20
"Independent by age, Reference: Week and day of week, Report: Day of week",2022-01-20,2021-12-30,00+,DE-NW,175,FALSE,1,181.315,181,2.91548023702893,2.9652,177,177,179,179,181,183,184,185,186,188,1.00001033806925,2065.09516937467,1875.8547230013,178,2022-01-20
"Independent by age, Reference: Week and day of week, Report: Day of week",2022-01-20,2021-12-31,00+,DE-NW,165,FALSE,1,172.9595,173,3.33487937716346,2.9652,168,168,170,171,173,175,176,177.1,179,180,1.00202456036933,1841.1989293959,1692.34058791499,169,2022-01-20
"Independent by age, Reference: Week and day of week, Report: Day of week",2022-01-20,2022-01-01,00+,DE-NW,96,FALSE,1,100.987,101,2.54225540244595,2.9652,97,97,99,99,101,103,103,104,106,107,1.00088603656014,1986.92973167431,1986.29340302141,98,2022-01-20
"Independent by age, Reference: Week and day of week, Report: Day of week",2022-01-20,2022-01-02,00+,DE-NW,48,FALSE,1,50.9965,51,1.88872215682796,1.4826,48,48,49,50,51,52,52,54,54,55,1.00100518475148,1893.47545408573,1762.44189732647,49,2022-01-20
"Independent by age, Reference: Week and day of week, Report: Day of week",2022-01-20,2022-01-03,00+,DE-NW,77,FALSE,1,81.5765,81,2.38558027461314,1.4826,78,78,80,80,81,83,84,85,86,87,1.00053640484127,1966.32011532876,1837.87632791197,79,2022-01-20
"Independent by age, Reference: Week and day of week, Report: Day of week",2022-01-20,2022-01-04,00+,DE-NW,180,FALSE,1,189.3185,189,3.55068464253239,2.9652,183,184,186,187,189,192,192,194,195,197,1.00055020989132,2076.13829245285,1818.86816709148,185,2022-01-20
"Independent by age, Reference: Week and day of week, Report: Day of week",2022-01-20,2022-01-05,00+,DE-NW,173,FALSE,1,184.3235,184,4.18910754947047,4.4478,177,178,181,181,184,187,188,190,192,194,1.0005736516925,1896.33645433329,1674.67315317905,179,2022-01-20
"Independent by age, Reference: Week and day of week, Report: Day of week",2022-01-20,2022-01-06,00+,DE-NW,147,FALSE,1,158.12,158,4.09450637943643,4.4478,151,152,155,155,158,161,161,164,165,167,1.00099813799943,2042.90561474205,1842.75444566343,153,2022-01-20
"Independent by age, Reference: Week and day of week, Report: Day of week",2022-01-20,2022-01-07,00+,DE-NW,137,FALSE,1,151.4125,151,4.57786218240354,4.4478,143,144,147,148,151,154,155,158,159,161,1.00115272285936,1843.34193415368,1849.50322773201,146,2022-01-20
"Independent by age, Reference: Week and day of week, Report: Day of week",2022-01-20,2022-01-08,00+,DE-NW,123,FALSE,1,137.4445,137,5.02678366622371,4.4478,129,130,133,134,137,141,142,144,146,148.025,1.0003216827493,1784.99446758153,1812.02732676402,131,2022-01-20
"Independent by age, Reference: Week and day of week, Report: Day of week",2022-01-20,2022-01-09,00+,DE-NW,99,FALSE,1,113.791,113,5.36513852157406,4.4478,105,106,109,110,113,117,118,121,123,126,1.0011224680122,2106.57948708576,1907.94155166829,107,2022-01-20
"Independent by age, Reference: Week and day of week, Report: Day of week",2022-01-20,2022-01-10,00+,DE-NW,65,FALSE,1,76.2845,76,4.34718400282035,4.4478,69,70,73,73,76,79,80,82,84,86,1.0023570062744,1921.08401686504,1886.57562278109,71,2022-01-20
"Independent by age, Reference: Week and day of week, Report: Day of week",2022-01-20,2022-01-11,00+,DE-NW,155,FALSE,1,177.8315,177,7.0835864043699,7.413,166,167,172,173,177,182,184,188,190,193,1.00181889264733,1823.90804188179,1400.90713750434,169,2022-01-20
"Independent by age, Reference: Week and day of week, Report: Day of week",2022-01-20,2022-01-12,00+,DE-NW,154,FALSE,1,186.921,186,9.45914883847242,8.8956,171,173,179,180,186,193,194,199,204,208,1.00006789407505,1734.52078193414,1914.3712717869,176,2022-01-20
"Independent by age, Reference: Week and day of week, Report: Day of week",2022-01-20,2022-01-13,00+,DE-NW,146,FALSE,1,186.316,186,10.3687462814809,10.3782,168,170,177,179,186,193,195,200,204,209,1.00037618438516,2005.3388473134,1840.98367209898,173,2022-01-20
"Independent by age, Reference: Week and day of week, Report: Day of week",2022-01-20,2022-01-14,00+,DE-NW,128,FALSE,1,175.785,175,11.664767824702,11.8608,155.975,158,166,168,175,183,185,190,197,202,0.999736149543296,1809.3449972854,1783.41112867148,162,2022-01-20
"Independent by age, Reference: Week and day of week, Report: Day of week",2022-01-20,2022-01-15,00+,DE-NW,99,FALSE,1,144.233,143,13.9926984103997,13.3434,121,124,132,134,143,152,155,162,169,176,1.00026192500877,2143.69443745049,1993.30169023118,128,2022-01-20
"Independent by age, Reference: Week and day of week, Report: Day of week",2022-01-20,2022-01-16,00+,DE-NW,53,FALSE,1,88.5285,87,11.2741181748423,10.3782,70,72,79,80,87,95,97,103,109,113.025,1.00023453284977,2570.94244314151,1717.98876191177,75,2022-01-20
"Independent by age, Reference: Week and day of week, Report: Day of week",2022-01-20,2022-01-17,00+,DE-NW,44,FALSE,1,78.7295,78,10.8120664139687,10.3782,60,63,70,71,78,85,88,92,97,101,1.00188802967375,2328.17076336701,1512.73141232526,66,2022-01-20
"Independent by age, Reference: Week and day of week, Report: Day of week",2022-01-20,2022-01-18,00+,DE-NW,110,FALSE,1,185.679,184,21.4432475486508,20.7564,151,155,167,170,184,199,202,213,224,234,1.00049632043478,2489.38439485268,1803.99320925959,160,2022-01-20
"Independent by age, Reference: Week and day of week, Report: Day of week",2022-01-20,2022-01-19,00+,DE-NW,75,FALSE,1,185.201,182,32.5814268209181,31.1346,131,139,158,162,182,204,210,227,247,260.025,1.00000088986598,2382.77841098096,1930.48937810353,148,2022-01-20
"Independent by age, Reference: Week and day of week, Report: Day of week",2022-01-20,2022-01-20,00+,DE-NW,36,FALSE,1,180.1445,173,49.9696618289703,45.9606,105,113,139,144,173,206,216,246,274,299.025,1.00115925510412,3082.94050414819,1799.27438971612,123.9,2022-01-20
"Independent by age, Reference: Week and day of week, Report: Day of week",2022-01-20,2021-12-12,00+,DE-RP,39,FALSE,1,39,39,0,0,39,39,39,39,39,39,39,39,39,39,,,,39,2022-01-20
"Independent by age, Reference: Week and day of week, Report: Day of week",2022-01-20,2021-12-13,00+,DE-RP,15,FALSE,1,15.0215,15,0.148488297138844,0,15,15,15,15,15,15,15,15,15,15,1.00046580455551,2086.76267735807,2083.26695828823,15,2022-01-20
"Independent by age, Reference: Week and day of week, Report: Day of week",2022-01-20,2021-12-14,00+,DE-RP,62,FALSE,1,62.0925,62,0.309825347369992,0,62,62,62,62,62,62,62,62,63,63,1.00073751182154,1728.8804869712,1717.68713331845,62,2022-01-20
"Independent by age, Reference: Week and day of week, Report: Day of week",2022-01-20,2021-12-15,00+,DE-RP,108,FALSE,1,108.417,108,0.671815948258276,0,108,108,108,108,108,109,109,109,110,110,1.00038271387129,1906.42973673872,1907.49350437782,108,2022-01-20
"Independent by age, Reference: Week and day of week, Report: Day of week",2022-01-20,2021-12-16,00+,DE-RP,57,FALSE,1,57.329,57,0.596604532738599,0,57,57,57,57,57,58,58,58,58,59,0.999536021672279,2058.79638022695,2009.25879902744,57,2022-01-20
"Independent by age, Reference: Week and day of week, Report: Day of week",2022-01-20,2021-12-17,00+,DE-RP,51,FALSE,1,51.4115,51,0.652978514554832,0,51,51,51,51,51,52,52,52,53,53,0.999596434087063,2018.06332472008,1987.12540330736,51,2022-01-20
"Independent by age, Reference: Week and day of week, Report: Day of week",2022-01-20,2021-12-18,00+,DE-RP,53,FALSE,1,53.6525,53,0.884383863154855,0,53,53,53,53,53,54,54,55,55,56,1.00237439870555,1704.78163289931,1778.87294872586,53,2022-01-20
"Independent by age, Reference: Week and day of week, Report: Day of week",2022-01-20,2021-12-19,00+,DE-RP,21,FALSE,1,21.3385,21,0.59924727671415,0,21,21,21,21,21,22,22,22,22,23,0.999850477855871,1804.77314582057,1767.4871535275,21,2022-01-20
"Independent by age, Reference: Week and day of week, Report: Day of week",2022-01-20,2021-12-20,00+,DE-RP,11,FALSE,1,11.3045,11,0.581333574088218,0,11,11,11,11,11,11,12,12,12,13,0.999077546054017,1967.05347067466,1884.17873945234,11,2022-01-20
"Independent by age, Reference: Week and day of week, Report: Day of week",2022-01-20,2021-12-21,00+,DE-RP,52,FALSE,1,52.9185,53,1.0679082188943,1.4826,52,52,52,52,53,53,54,54,55,56,1.00252352044881,1976.72120251327,1959.37051485733,52,2022-01-20
"Independent by age, Reference: Week and day of week, Report: Day of week",2022-01-20,2021-12-22,00+,DE-RP,56,FALSE,1,57.5085,57,1.33334791346039,1.4826,56,56,56,56,57,58,59,59,60,61,1.00173490720652,1995.83904267257,1971.48658722263,56,2022-01-20
"Independent by age, Reference: Week and day of week, Report: Day of week",2022-01-20,2021-12-23,00+,DE-RP,35,FALSE,1,36.0785,36,1.09724186935239,1.4826,35,35,35,35,36,37,37,38,38,39,1.00125024794494,1663.0190271525,1455.2138317589,35,2022-01-20
"Independent by age, Reference: Week and day of week, Report: Day of week",2022-01-20,2021-12-24,00+,DE-RP,41,FALSE,1,42.213,42,1.19471531016229,1.4826,41,41,41,41,42,43,43,44,45,45,1.00022096178409,2050.44949268826,1966.10844676479,41,2022-01-20
"Independent by age, Reference: Week and day of week, Report: Day of week",2022-01-20,2021-12-25,00+,DE-RP,14,FALSE,1,14.6515,14,0.834503413997802,0,14,14,14,14,14,15,15,16,16,17,0.999307797643855,2078.17423230338,2054.59028145058,14,2022-01-20
"Independent by age, Reference: Week and day of week, Report: Day of week",2022-01-20,2021-12-26,00+,DE-RP,5,FALSE,1,5.2745,5,0.535063450861881,0,5,5,5,5,5,5,6,6,6,7,1.00127653916361,1878.2359771312,1830.45852674832,5,2022-01-20
"Independent by age, Reference: Week and day of week, Report: Day of week",2022-01-20,2021-12-27,00+,DE-RP,6,FALSE,1,6.4305,6,0.686589726639107,0,6,6,6,6,6,7,7,7,8,8,0.999271217562599,1832.70726376858,1926.77058395431,6,2022-01-20
"Independent by age, Reference: Week and day of week, Report: Day of week",2022-01-20,2021-12-28,00+,DE-RP,42,FALSE,1,43.6115,43,1.36326703125222,1.4826,42,42,42,43,43,44,45,45,46,47,1.00039939290221,1682.46868900793,1617.31991261413,42,2022-01-20
"Independent by age, Reference: Week and day of week, Report: Day of week",2022-01-20,2021-12-29,00+,DE-RP,53,FALSE,1,55.752,55,1.92726572547438,1.4826,53,53,54,54,55,57,57,58,59,60,1.00054947062435,1834.39117255481,1732.65769117491,54,2022-01-20
"Independent by age, Reference: Week and day of week, Report: Day of week",2022-01-20,2021-12-30,00+,DE-RP,39,FALSE,1,41.3665,41,1.72935626362623,1.4826,39,39,40,40,41,42,43,44,45,45,1.0003620997826,1806.03076895173,1713.65738653547,39,2022-01-20
"Independent by age, Reference: Week and day of week, Report: Day of week",2022-01-20,2021-12-31,00+,DE-RP,44,FALSE,1,46.769,46,1.90353637353287,1.4826,44,44,45,45,46,48,48,49,50,51,0.999782319561299,2079.23279292099,1846.1346157108,45,2022-01-20
"Independent by age, Reference: Week and day of week, Report: Day of week",2022-01-20,2022-01-01,00+,DE-RP,19,FALSE,1,20.7575,21,1.42678365767306,1.4826,19,19,20,20,21,22,22,23,23,24,0.999214381798277,1870.85231100435,1897.61558120067,19,2022-01-20
"Independent by age, Reference: Week and day of week, Report: Day of week",2022-01-20,2022-01-02,00+,DE-RP,5,FALSE,1,5.6735,5,0.897385313118117,0,5,5,5,5,5,6,6,7,7,8,0.999684557559222,1893.86444604329,1876.78108699023,5,2022-01-20
"Independent by age, Reference: Week and day of week, Report: Day of week",2022-01-20,2022-01-03,00+,DE-RP,10,FALSE,1,11.112,11,1.1701028032977,1.4826,10,10,10,10,11,12,12,13,13,14,1.00078776833215,2139.5592649545,1948.03459438252,10,2022-01-20
"Independent by age, Reference: Week and day of week, Report: Day of week",2022-01-20,2022-01-04,00+,DE-RP,39,FALSE,1,41.774,41,1.96973702101727,1.4826,39,39,40,40,41,43,43,44,45,46,0.999546075663071,2038.49034274292,1715.10833307167,40,2022-01-20
"Independent by age, Reference: Week and day of week, Report: Day of week",2022-01-20,2022-01-05,00+,DE-RP,38,FALSE,1,42.182,42,2.45272989584483,2.9652,38,39,40,40,42,44,44,45,47,48,1.00020882111487,1976.22409046433,1979.78214496394,39,2022-01-20
"Independent by age, Reference: Week and day of week, Report: Day of week",2022-01-20,2022-01-06,00+,DE-RP,37,FALSE,1,42.3185,42,2.89417447175122,2.9652,38,38,40,40,42,44,45,46,47,49,1.00002639014938,1879.18723915681,2049.53721100977,39,2022-01-20
"Independent by age, Reference: Week and day of week, Report: Day of week",2022-01-20,2022-01-07,00+,DE-RP,28,FALSE,1,32.1505,32,2.51833690366881,2.9652,28,29,30,30,32,34,34,36,37,38,0.99998159327247,1900.4437096301,1832.71881765888,29,2022-01-20
"Independent by age, Reference: Week and day of week, Report: Day of week",2022-01-20,2022-01-08,00+,DE-RP,37,FALSE,1,41.9635,42,2.93043708015381,2.9652,38,38,39,40,42,44,44,46,47,49,1.00220162068383,1697.96202615716,1927.13308325478,39,2022-01-20
"Independent by age, Reference: Week and day of week, Report: Day of week",2022-01-20,2022-01-09,00+,DE-RP,10,FALSE,1,12.2125,12,1.80304443500911,1.4826,10,10,11,11,12,13,14,15,16,16,0.999407824090321,1390.39295260334,1743.51755203009,10,2022-01-20
"Independent by age, Reference: Week and day of week, Report: Day of week",2022-01-20,2022-01-10,00+,DE-RP,7,FALSE,1,9.041,9,1.70756460739974,1.4826,7,7,8,8,9,10,10,11,12,13,1.00055081691176,1735.51941360271,1970.33678403243,7,2022-01-20
"Independent by age, Reference: Week and day of week, Report: Day of week",2022-01-20,2022-01-11,00+,DE-RP,29,FALSE,1,33.4745,33,2.83449588700826,2.9652,29,30,31,31,33,35,36,37,39,40,1.00032098757315,1905.60303878868,1623.34041442321,30,2022-01-20
"Independent by age, Reference: Week and day of week, Report: Day of week",2022-01-20,2022-01-12,00+,DE-RP,31,FALSE,1,37.447,37,3.65826221602834,2.9652,32,32,34,35,37,40,40,42,44,46,0.999848774422525,1376.23859944475,1880.4484053545,33,2022-01-20
"Independent by age, Reference: Week and day of week, Report: Day of week",2022-01-20,2022-01-13,00+,DE-RP,25,FALSE,1,32.932,32,4.13242234739246,4.4478,26.975,27,29,30,32,35,36,38,40.05,42,1.00011190306776,1529.30405208889,1918.54101840198,28,2022-01-20
"Independent by age, Reference: Week and day of week, Report: Day of week",2022-01-20,2022-01-14,00+,DE-RP,34,FALSE,1,45.923,45,5.78011902022302,5.9304,37,38,41,42,45,49,50,53,56,59.0249999999999,1.00022403397571,1428.49416242973,1679.87117403249,39,2022-01-20
"Independent by age, Reference: Week and day of week, Report: Day of week",2022-01-20,2022-01-15,00+,DE-RP,26,FALSE,1,41.458,40,7.37525817965773,5.9304,30,32,35,36,40,45,47,51,55,60,0.999890659021971,1709.95191372385,1977.96810414846,33,2022-01-20
"Independent by age, Reference: Week and day of week, Report: Day of week",2022-01-20,2022-01-16,00+,DE-RP,10,FALSE,1,20.009,19,5.55628969525427,4.4478,12,13,15,16,19,23,24,27,31,33,0.999425561532277,2236.959262784,1668.06049326278,14,2022-01-20
"Independent by age, Reference: Week and day of week, Report: Day of week",2022-01-20,2022-01-17,00+,DE-RP,8,FALSE,1,18.836,18,6.41378767470269,5.9304,10,11,14,14,18,22,23,27,31,35,1.00017132488378,2102.50236042608,1750.09071261898,12,2022-01-20
"Independent by age, Reference: Week and day of week, Report: Day of week",2022-01-20,2022-01-18,00+,DE-RP,35,FALSE,1,61.6075,59,12.9644314179603,10.3782,44,46,51,53,59,68,70,78,85,92,1.00293564047564,2366.33400181953,1606.74685198855,48,2022-01-20
"Independent by age, Reference: Week and day of week, Report: Day of week",2022-01-20,2022-01-19,00+,DE-RP,39,FALSE,1,91.228,86,25.9131966936046,22.239,56,59,70,73,86,103,109,125,138,154,1.00065993590638,2144.40305961655,1625.87985242281,64,2022-01-20
"Independent by age, Reference: Week and day of week, Report: Day of week",2022-01-20,2022-01-20,00+,DE-RP,7,FALSE,1,49.42,43,28.6723325058437,22.239,16,19,28,30,43,61,67,85,103,124.025,1.00031346948288,1838.95596571984,1791.95863155998,22,2022-01-20
"Independent by age, Reference: Week and day of week, Report: Day of week",2022-01-20,2021-12-12,00+,DE-SH,19,FALSE,1,19,19,0,0,19,19,19,19,19,19,19,19,19,19,,,,19,2022-01-20
"Independent by age, Reference: Week and day of week, Report: Day of week",2022-01-20,2021-12-13,00+,DE-SH,7,FALSE,1,7.0125,7,0.111130216244194,0,7,7,7,7,7,7,7,7,7,7,0.999363824551317,2002.31154288106,2002.31154288106,7,2022-01-20
"Independent by age, Reference: Week and day of week, Report: Day of week",2022-01-20,2021-12-14,00+,DE-SH,27,FALSE,1,27.0555,27,0.245865766196707,0,27,27,27,27,27,27,27,27,28,28,0.999312396917309,1944.30457471686,1939.09384824329,27,2022-01-20
"Independent by age, Reference: Week and day of week, Report: Day of week",2022-01-20,2021-12-15,00+,DE-SH,28,FALSE,1,28.101,28,0.326882893729707,0,28,28,28,28,28,28,28,28,29,29,0.999631161579508,1911.32012917394,1806.82694632881,28,2022-01-20
"Independent by age, Reference: Week and day of week, Report: Day of week",2022-01-20,2021-12-16,00+,DE-SH,37,FALSE,1,37.184,37,0.433864171209757,0,37,37,37,37,37,37,37,38,38,38,0.999852869723435,2163.41228194016,1968.10338262232,37,2022-01-20
"Independent by age, Reference: Week and day of week, Report: Day of week",2022-01-20,2021-12-17,00+,DE-SH,33,FALSE,1,33.2675,33,0.533934727421408,0,33,33,33,33,33,33,34,34,34,35,0.999295592101065,2025.14947522314,1945.45700752429,33,2022-01-20
"Independent by age, Reference: Week and day of week, Report: Day of week",2022-01-20,2021-12-18,00+,DE-SH,31,FALSE,1,31.3255,31,0.601440450342055,0,31,31,31,31,31,32,32,32,32.05,33,0.99916114814058,1923.71595171462,1838.9133646566,31,2022-01-20
"Independent by age, Reference: Week and day of week, Report: Day of week",2022-01-20,2021-12-19,00+,DE-SH,11,FALSE,1,11.292,11,0.554878315464288,0,11,11,11,11,11,11,12,12,12,13,0.999714170705614,1952.33127081766,1873.28064834464,11,2022-01-20
"Independent by age, Reference: Week and day of week, Report: Day of week",2022-01-20,2021-12-20,00+,DE-SH,6,FALSE,1,6.23,6,0.496208737887371,0,6,6,6,6,6,6,6,7,7,8,0.999681136697503,2019.58940257505,1985.0999077874,6,2022-01-20
"Independent by age, Reference: Week and day of week, Report: Day of week",2022-01-20,2021-12-21,00+,DE-SH,23,FALSE,1,23.3915,23,0.653790081551692,0,23,23,23,23,23,24,24,24,25,25,0.999082376297583,2023.18412082526,2028.14998988055,23,2022-01-20
"Independent by age, Reference: Week and day of week, Report: Day of week",2022-01-20,2021-12-22,00+,DE-SH,21,FALSE,1,21.498,21,0.761765149551708,0,21,21,21,21,21,22,22,22,23,24,0.999230291840165,1940.82467583133,1807.97458602939,21,2022-01-20
"Independent by age, Reference: Week and day of week, Report: Day of week",2022-01-20,2021-12-23,00+,DE-SH,28,FALSE,1,28.634,28,0.852295256118325,0,28,28,28,28,28,29,29,30,30,31,0.999291687183443,1865.69283417789,1707.82316703319,28,2022-01-20
"Independent by age, Reference: Week and day of week, Report: Day of week",2022-01-20,2021-12-24,00+,DE-SH,24,FALSE,1,24.7045,24,0.89419211569432,0,24,24,24,24,24,25,25,26,26,27,1.00102591149893,1721.08050615759,1980.04049070941,24,2022-01-20
"Independent by age, Reference: Week and day of week, Report: Day of week",2022-01-20,2021-12-25,00+,DE-SH,6,FALSE,1,6.574,6,0.789832841782981,0,6,6,6,6,6,7,7,8,8,9,0.999920405274533,1804.08007618198,1853.86142267173,6,2022-01-20
"Independent by age, Reference: Week and day of week, Report: Day of week",2022-01-20,2021-12-26,00+,DE-SH,4,FALSE,1,4.406,4,0.6575562258051,0,4,4,4,4,4,5,5,5,6,6,0.999472156576832,1853.19060453327,1815.41813421864,4,2022-01-20
"Independent by age, Reference: Week and day of week, Report: Day of week",2022-01-20,2021-12-27,00+,DE-SH,10,FALSE,1,10.568,10,0.816522721470345,0,10,10,10,10,10,11,11,12,12,13,1.00009780896685,1949.51168927292,1949.80349358191,10,2022-01-20
"Independent by age, Reference: Week and day of week, Report: Day of week",2022-01-20,2021-12-28,00+,DE-SH,20,FALSE,1,20.907,21,1.02999099060155,1.4826,20,20,20,20,21,21,22,22,23,23,0.999564941123006,1687.05923968778,1744.47997620007,20,2022-01-20
"Independent by age, Reference: Week and day of week, Report: Day of week",2022-01-20,2021-12-29,00+,DE-SH,18,FALSE,1,19.5155,19,1.36773356233909,1.4826,18,18,18,19,19,20,20,21,22,23,1.00029932505176,1999.03787725155,2042.97231871122,18,2022-01-20
"Independent by age, Reference: Week and day of week, Report: Day of week",2022-01-20,2021-12-30,00+,DE-SH,34,FALSE,1,36.114,36,1.71273778943763,1.4826,34,34,35,35,36,37,37,38,39,40,1.00125305894304,2221.22643010739,1988.05626140608,34,2022-01-20
"Independent by age, Reference: Week and day of week, Report: Day of week",2022-01-20,2021-12-31,00+,DE-SH,26,FALSE,1,29.067,29,2.09205624916608,1.4826,26,26,27,28,29,30,31,32,33,34,1.00006894334034,2127.2080130341,1809.48524351409,27,2022-01-20
"Independent by age, Reference: Week and day of week, Report: Day of week",2022-01-20,2022-01-01,00+,DE-SH,16,FALSE,1,19.033,19,2.00147794316562,1.4826,16,16,17,18,19,20,21,22,23,24,1.000087548652,1792.42878857894,1548.01851366471,17,2022-01-20
"Independent by age, Reference: Week and day of week, Report: Day of week",2022-01-20,2022-01-02,00+,DE-SH,16,FALSE,1,18.2375,18,1.76341956842016,1.4826,16,16,17,17,18,19,19,20,22,22,1.00044602577625,1880.08972128032,1649.38019383463,16,2022-01-20
"Independent by age, Reference: Week and day of week, Report: Day of week",2022-01-20,2022-01-03,00+,DE-SH,21,FALSE,1,24.243,24,2.18868594665533,1.4826,21,21,22,23,24,25,26,27,28,29,1.0012316496059,1643.15095470978,1841.48628013198,22,2022-01-20
"Independent by age, Reference: Week and day of week, Report: Day of week",2022-01-20,2022-01-04,00+,DE-SH,36,FALSE,1,41.326,41,3.02263000482577,2.9652,37,37,39,39,41,43,44,45,47,48,0.999852307055006,2035.58043679572,1840.95623472283,38,2022-01-20
"Independent by age, Reference: Week and day of week, Report: Day of week",2022-01-20,2022-01-05,00+,DE-SH,32,FALSE,1,40.3275,40,4.23830453869013,4.4478,34,35,37,37,40,43,44,46,48,50,1.00065719422652,2057.64760558064,1756.80638937773,35,2022-01-20
"Independent by age, Reference: Week and day of week, Report: Day of week",2022-01-20,2022-01-06,00+,DE-SH,24,FALSE,1,28.8905,29,2.78861936251158,2.9652,25,25,27,27,29,30,31,32.1000000000001,34,36,1.00091905834565,1916.03233801454,1797.47821789,26,2022-01-20
"Independent by age, Reference: Week and day of week, Report: Day of week",2022-01-20,2022-01-07,00+,DE-SH,28,FALSE,1,33.5825,33,3.05136841017064,2.9652,29,29,31,31,33,35,36,38,39,41,0.999499286990222,2076.27166060762,1939.8426400256,30,2022-01-20
"Independent by age, Reference: Week and day of week, Report: Day of week",2022-01-20,2022-01-08,00+,DE-SH,23,FALSE,1,27.1395,27,2.47246765361027,2.9652,23,24,25,25,27,29,29,30,32,33,1.00071827345394,1744.51275889383,1891.39091555139,24,2022-01-20
"Independent by age, Reference: Week and day of week, Report: Day of week",2022-01-20,2022-01-09,00+,DE-SH,11,FALSE,1,14.15,14,2.11464793001908,1.4826,11,11,12,13,14,15,16,17,18,19,1.00070596542006,1816.33307771906,1884.75065986574,12,2022-01-20
"Independent by age, Reference: Week and day of week, Report: Day of week",2022-01-20,2022-01-10,00+,DE-SH,10,FALSE,1,13.616,13,2.41898113569896,1.4826,10,10,12,12,13,15,15,17,18,19,1.00013253124347,1795.42078168426,1970.83707779542,11,2022-01-20
"Independent by age, Reference: Week and day of week, Report: Day of week",2022-01-20,2022-01-11,00+,DE-SH,35,FALSE,1,41.054,41,3.20221971537757,2.9652,36,36,38,39,41,43,44,45,47,48,0.999928775009748,1864.44438086748,1849.88775199515,37,2022-01-20
"Independent by age, Reference: Week and day of week, Report: Day of week",2022-01-20,2022-01-12,00+,DE-SH,28,FALSE,1,38.792,38,5.20060180455731,4.4478,31,32,34,35,38,42,43,46,48,51,1.00003626179653,2024.43725505007,1991.03288477303,33,2022-01-20
"Independent by age, Reference: Week and day of week, Report: Day of week",2022-01-20,2022-01-13,00+,DE-SH,22,FALSE,1,30.0335,29,4.17757151966318,4.4478,24,24,27,27,29,32,33,35,38,40,0.999852181250938,2124.66245497089,2070.26817872261,25,2022-01-20
"Independent by age, Reference: Week and day of week, Report: Day of week",2022-01-20,2022-01-14,00+,DE-SH,33,FALSE,1,43.0365,42,4.60453783069671,4.4478,36,37,39,40,42,46,47,49,51,54,1.00114270921013,1945.0090209614,2063.70887969058,38,2022-01-20
"Independent by age, Reference: Week and day of week, Report: Day of week",2022-01-20,2022-01-15,00+,DE-SH,35,FALSE,1,48.304,48,6.02658641951943,5.9304,39,40,43,44,48,52,53,56,60,62,1.0002909915823,1864.04971586685,1678.00443041426,41,2022-01-20
"Independent by age, Reference: Week and day of week, Report: Day of week",2022-01-20,2022-01-16,00+,DE-SH,14,FALSE,1,24.49,24,5.07925185432853,4.4478,17,18,20,21,24,27,28,31,34,37,1.00179298436791,1831.10449636289,1884.42824410026,19,2022-01-20
"Independent by age, Reference: Week and day of week, Report: Day of week",2022-01-20,2022-01-17,00+,DE-SH,12,FALSE,1,22.181,21,5.14095844438208,4.4478,15,15,18,19,21,25,26,29,32,34,1.00001030685025,2132.28570853679,1847.03533305216,16,2022-01-20
"Independent by age, Reference: Week and day of week, Report: Day of week",2022-01-20,2022-01-18,00+,DE-SH,26,FALSE,1,40.102,39,7.26202206566746,5.9304,30,31,34,35,39,44,45,49,54,57.0249999999999,0.99943809233319,2169.58482025583,1856.06567208239,32,2022-01-20
"Independent by age, Reference: Week and day of week, Report: Day of week",2022-01-20,2022-01-19,00+,DE-SH,30,FALSE,1,60.9015,58,17.3290203191817,13.3434,38,40,48,49,58,68,72,82,93,105,0.999617094526502,2621.23696970697,1802.99610376588,43,2022-01-20
"Independent by age, Reference: Week and day of week, Report: Day of week",2022-01-20,2022-01-20,00+,DE-SH,21,FALSE,1,51.424,48,18.2895182341859,14.826,29,31,37,39,48,59,63,73,83,97.0249999999999,0.99944667984962,3343.71586996321,1770.69086239185,33.9,2022-01-20
"Independent by age, Reference: Week and day of week, Report: Day of week",2022-01-20,2021-12-12,00+,DE-SL,9,FALSE,1,9,9,0,0,9,9,9,9,9,9,9,9,9,9,,,,9,2022-01-20
"Independent by age, Reference: Week and day of week, Report: Day of week",2022-01-20,2021-12-13,00+,DE-SL,8,FALSE,1,8.03,8,0.173536905379704,0,8,8,8,8,8,8,8,8,8,9,1.00064579382955,2059.40148986646,2058.29817802528,8,2022-01-20
"Independent by age, Reference: Week and day of week, Report: Day of week",2022-01-20,2021-12-14,00+,DE-SL,13,FALSE,1,13.047,13,0.214041834587252,0,13,13,13,13,13,13,13,13,13,14,0.999322777344613,1978.98494803323,1969.15276603393,13,2022-01-20
"Independent by age, Reference: Week and day of week, Report: Day of week",2022-01-20,2021-12-15,00+,DE-SL,17,FALSE,1,17.119,17,0.347705981721429,0,17,17,17,17,17,17,17,18,18,18,0.999932362304023,1667.92674295521,1735.08822041924,17,2022-01-20
"Independent by age, Reference: Week and day of week, Report: Day of week",2022-01-20,2021-12-16,00+,DE-SL,9,FALSE,1,9.1025,9,0.32718079655875,0,9,9,9,9,9,9,9,9,10,10,1.00142644028954,1805.77454523806,1831.43882823682,9,2022-01-20
"Independent by age, Reference: Week and day of week, Report: Day of week",2022-01-20,2021-12-17,00+,DE-SL,11,FALSE,1,11.15,11,0.399474392039024,0,11,11,11,11,11,11,11,12,12,12,0.999410700487927,1947.83651773682,1932.71366931154,11,2022-01-20
"Independent by age, Reference: Week and day of week, Report: Day of week",2022-01-20,2021-12-18,00+,DE-SL,4,FALSE,1,4.192,4,0.455235784852097,0,4,4,4,4,4,4,4,5,5,5,0.999668317242559,2087.47919955208,2060.10046882263,4,2022-01-20
"Independent by age, Reference: Week and day of week, Report: Day of week",2022-01-20,2021-12-19,00+,DE-SL,6,FALSE,1,6.2815,6,0.552639534622356,0,6,6,6,6,6,6,7,7,7,8,0.999740948947478,1955.23429749288,1943.28379027554,6,2022-01-20
"Independent by age, Reference: Week and day of week, Report: Day of week",2022-01-20,2021-12-20,00+,DE-SL,3,FALSE,1,3.279,3,0.538798804820536,0,3,3,3,3,3,3,4,4,4,5,0.999516287573603,1888.52173738848,1893.6998663288,3,2022-01-20
"Independent by age, Reference: Week and day of week, Report: Day of week",2022-01-20,2021-12-21,00+,DE-SL,7,FALSE,1,7.2105,7,0.462922130005927,0,7,7,7,7,7,7,7,8,8,8,1.00089072045536,2006.48549216582,1898.08933302162,7,2022-01-20
"Independent by age, Reference: Week and day of week, Report: Day of week",2022-01-20,2021-12-22,00+,DE-SL,17,FALSE,1,17.3445,17,0.600832963580613,0,17,17,17,17,17,18,18,18,19,19,1.00093974251321,1872.92500993247,2012.66227507748,17,2022-01-20
"Independent by age, Reference: Week and day of week, Report: Day of week",2022-01-20,2021-12-23,00+,DE-SL,7,FALSE,1,7.3045,7,0.587326336982309,0,7,7,7,7,7,8,8,8,8,9,1.000100756489,2061.19251888967,1947.5283818169,7,2022-01-20
"Independent by age, Reference: Week and day of week, Report: Day of week",2022-01-20,2021-12-24,00+,DE-SL,10,FALSE,1,10.2525,10,0.529040349922313,0,10,10,10,10,10,10,11,11,11,12,0.999523163441725,1963.1962270037,1887.18975864036,10,2022-01-20
"Independent by age, Reference: Week and day of week, Report: Day of week",2022-01-20,2021-12-25,00+,DE-SL,2,FALSE,1,2.329,2,0.579592066441338,0,2,2,2,2,2,3,3,3,3,4,1.00065676811716,1950.64885909314,1891.88856879525,2,2022-01-20
"Independent by age, Reference: Week and day of week, Report: Day of week",2022-01-20,2021-12-26,00+,DE-SL,5,FALSE,1,5.33,5,0.596890391168709,0,5,5,5,5,5,6,6,6,7,7,1.00152036375047,2003.22455337836,1978.76226671252,5,2022-01-20
"Independent by age, Reference: Week and day of week, Report: Day of week",2022-01-20,2021-12-27,00+,DE-SL,3,FALSE,1,3.363,3,0.632005312760644,0,3,3,3,3,3,4,4,4,5,5,0.999218260497985,1871.7727375736,1879.86096840318,3,2022-01-20
"Independent by age, Reference: Week and day of week, Report: Day of week",2022-01-20,2021-12-28,00+,DE-SL,7,FALSE,1,7.1945,7,0.44471185538184,0,7,7,7,7,7,7,7,8,8,8,0.999485350282828,2172.86348336737,1964.51232667506,7,2022-01-20
"Independent by age, Reference: Week and day of week, Report: Day of week",2022-01-20,2021-12-29,00+,DE-SL,10,FALSE,1,10.3,10,0.556915682611622,0,10,10,10,10,10,11,11,11,11,12,0.999244349957869,2063.66695395069,2001.54886498073,10,2022-01-20
"Independent by age, Reference: Week and day of week, Report: Day of week",2022-01-20,2021-12-30,00+,DE-SL,3,FALSE,1,3.2495,3,0.514180844616449,0,3,3,3,3,3,3,4,4,4,5,0.999082392916425,1984.47423768467,1679.45053181238,3,2022-01-20
"Independent by age, Reference: Week and day of week, Report: Day of week",2022-01-20,2021-12-31,00+,DE-SL,2,FALSE,1,2.2625,2,0.528898493860972,0,2,2,2,2,2,2,3,3,3,4,0.999293329166087,2025.54548270376,2054.03257797549,2,2022-01-20
"Independent by age, Reference: Week and day of week, Report: Day of week",2022-01-20,2022-01-01,00+,DE-SL,2,FALSE,1,2.3835,2,0.636891329256916,0,2,2,2,2,2,3,3,3,4,4,1.0002073374926,1946.88840767408,1938.7899458856,2,2022-01-20
"Independent by age, Reference: Week and day of week, Report: Day of week",2022-01-20,2022-01-02,00+,DE-SL,3,FALSE,1,3.445,3,0.706558286559682,0,3,3,3,3,3,4,4,4,5,5,0.999114829299897,2040.25600769332,2055.39171799946,3,2022-01-20
"Independent by age, Reference: Week and day of week, Report: Day of week",2022-01-20,2022-01-03,00+,DE-SL,1,FALSE,1,1.448,1,0.697523669587504,0,1,1,1,1,1,2,2,2,3,3,0.99965835914326,1967.72773060173,1919.50434333107,1,2022-01-20
"Independent by age, Reference: Week and day of week, Report: Day of week",2022-01-20,2022-01-04,00+,DE-SL,4,FALSE,1,4.255,4,0.521642651177762,0,4,4,4,4,4,4,5,5,5,6,0.999294379030446,1899.95751717263,1893.20695782963,4,2022-01-20
"Independent by age, Reference: Week and day of week, Report: Day of week",2022-01-20,2022-01-05,00+,DE-SL,12,FALSE,1,12.51,12,0.73903524039336,0,12,12,12,12,12,13,13,13,14,14,0.99916084500495,1876.7570011367,1933.24120564112,12,2022-01-20
"Independent by age, Reference: Week and day of week, Report: Day of week",2022-01-20,2022-01-06,00+,DE-SL,6,FALSE,1,6.3815,6,0.622214854903699,0,6,6,6,6,6,7,7,7,8,8,0.999345628904361,1926.80935978239,1776.20068040253,6,2022-01-20
"Independent by age, Reference: Week and day of week, Report: Day of week",2022-01-20,2022-01-07,00+,DE-SL,3,FALSE,1,3.449,3,0.708272422809512,0,3,3,3,3,3,4,4,4,5,5,0.999375428554923,1862.15462638273,1848.05228320855,3,2022-01-20
"Independent by age, Reference: Week and day of week, Report: Day of week",2022-01-20,2022-01-08,00+,DE-SL,6,FALSE,1,6.4885,6,0.704354887754711,0,6,6,6,6,6,7,7,7,8,8,0.99975827505321,1942.04014533792,1806.05735529151,6,2022-01-20
"Independent by age, Reference: Week and day of week, Report: Day of week",2022-01-20,2022-01-09,00+,DE-SL,3,FALSE,1,3.7245,4,0.892747584216593,1.4826,3,3,3,3,4,4,4,5,5,6,0.999508537350779,1939.3024945233,1910.79404274302,3,2022-01-20
"Independent by age, Reference: Week and day of week, Report: Day of week",2022-01-20,2022-01-10,00+,DE-SL,3,FALSE,1,3.766,4,0.906451778868411,1.4826,3,3,3,3,4,4,4,5,5,6,1.0013439927849,2066.52193693961,2043.28776039305,3,2022-01-20
"Independent by age, Reference: Week and day of week, Report: Day of week",2022-01-20,2022-01-11,00+,DE-SL,5,FALSE,1,5.42,5,0.668448510886106,0,5,5,5,5,5,6,6,6,7,7,1.00348092716091,1972.51385637816,1829.41890925878,5,2022-01-20
"Independent by age, Reference: Week and day of week, Report: Day of week",2022-01-20,2022-01-12,00+,DE-SL,7,FALSE,1,7.7125,7,0.899026069664817,0,7,7,7,7,7,8,8,9,9,10,0.99992619464711,2126.4093413553,2012.86158101478,7,2022-01-20
"Independent by age, Reference: Week and day of week, Report: Day of week",2022-01-20,2022-01-13,00+,DE-SL,3,FALSE,1,3.5785,3,0.800098636990751,0,3,3,3,3,3,4,4,5,5,6,0.99983424962032,1603.12042736113,1456.38240877149,3,2022-01-20
"Independent by age, Reference: Week and day of week, Report: Day of week",2022-01-20,2022-01-14,00+,DE-SL,5,FALSE,1,5.6935,5,0.871744067292362,0,5,5,5,5,5,6,6,7,7,8,0.999331345640535,1975.73665886564,1814.18899157453,5,2022-01-20
"Independent by age, Reference: Week and day of week, Report: Day of week",2022-01-20,2022-01-15,00+,DE-SL,6,FALSE,1,6.898,7,1.04217996024428,1.4826,6,6,6,6,7,7,8,8,9,9,1.00058237009599,2061.37862212275,2004.23864124279,6,2022-01-20
"Independent by age, Reference: Week and day of week, Report: Day of week",2022-01-20,2022-01-16,00+,DE-SL,2,FALSE,1,3.347,3,1.31165972173152,1.4826,2,2,2,2,3,4,4,5,6,6,0.999430677521525,1790.04147341647,1591.61130655474,2,2022-01-20
"Independent by age, Reference: Week and day of week, Report: Day of week",2022-01-20,2022-01-17,00+,DE-SL,1,FALSE,1,2.445,2,1.33073679975234,1.4826,1,1,1,1,2,3,3,4,5,6,1.0001569581948,2003.31449721749,1876.51336560904,1,2022-01-20
"Independent by age, Reference: Week and day of week, Report: Day of week",2022-01-20,2022-01-18,00+,DE-SL,5,FALSE,1,5.8675,6,1.02687437668526,1.4826,5,5,5,5,6,6,7,7,8,8,1.00405476737632,1821.3769679632,1655.85534352625,5,2022-01-20
"Independent by age, Reference: Week and day of week, Report: Day of week",2022-01-20,2022-01-19,00+,DE-SL,6,FALSE,1,7.6985,7,1.5536423823796,1.4826,6,6,6,7,7,8,9,10,11,12,0.999478028755547,1970.37607940704,1769.57790501427,6,2022-01-20
"Independent by age, Reference: Week and day of week, Report: Day of week",2022-01-20,2022-01-20,00+,DE-SL,1,FALSE,1,2.5955,2,1.68383413633866,1.4826,1,1,1,1,2,3,4,5,6,7,0.999714185559286,2090.07827017978,1998.63350672307,1,2022-01-20
"Independent by age, Reference: Week and day of week, Report: Day of week",2022-01-20,2021-12-12,00+,DE-SN,81,FALSE,1,81,81,0,0,81,81,81,81,81,81,81,81,81,81,,,,81,2022-01-20
"Independent by age, Reference: Week and day of week, Report: Day of week",2022-01-20,2021-12-13,00+,DE-SN,47,FALSE,1,47.256,47,0.54093465885685,0,47,47,47,47,47,47,48,48,48,49,0.999134834629394,2012.40198230026,1994.56495137913,47,2022-01-20
"Independent by age, Reference: Week and day of week, Report: Day of week",2022-01-20,2021-12-14,00+,DE-SN,129,FALSE,1,129.9675,130,1.121638438354,1.4826,129,129,129,129,130,130,131,131.1,132,133,1.00244755438339,1525.27655777462,1578.94503825666,129,2022-01-20
"Independent by age, Reference: Week and day of week, Report: Day of week",2022-01-20,2021-12-15,00+,DE-SN,163,FALSE,1,164.726,164,1.54923337881386,1.4826,163,163,163,164,164,166,166,167,168,168,1.00090995451978,1727.05875989589,1792.76515212312,163,2022-01-20
"Independent by age, Reference: Week and day of week, Report: Day of week",2022-01-20,2021-12-16,00+,DE-SN,136,FALSE,1,138.1315,138,1.65486465867129,1.4826,136,136,137,137,138,139,139,140,141,142,1.00012058847467,1880.7277752588,1780.79445370946,136,2022-01-20
"Independent by age, Reference: Week and day of week, Report: Day of week",2022-01-20,2021-12-17,00+,DE-SN,84,FALSE,1,85.465,85,1.40455024142618,1.4826,84,84,84,84,85,86,86,87,88,89,1.00216530541542,1649.86039645835,1733.44157956693,84,2022-01-20
"Independent by age, Reference: Week and day of week, Report: Day of week",2022-01-20,2021-12-18,00+,DE-SN,107,FALSE,1,108.3295,108,1.27661451594095,1.4826,107,107,107,107,108,109,109,110,111,111,0.999809442496604,1733.25030311122,1651.86177952526,107,2022-01-20
"Independent by age, Reference: Week and day of week, Report: Day of week",2022-01-20,2021-12-19,00+,DE-SN,51,FALSE,1,52.35,52,1.31885165384224,1.4826,51,51,51,51,52,53,53,54,55,56,1.00174515313269,1792.77457788903,1844.33526528636,51,2022-01-20
"Independent by age, Reference: Week and day of week, Report: Day of week",2022-01-20,2021-12-20,00+,DE-SN,40,FALSE,1,41.427,41,1.36587107806738,1.4826,40,40,40,40,41,42,42,43,44,45,1.00082916562424,1663.36973412476,1840.97765181115,40,2022-01-20
"Independent by age, Reference: Week and day of week, Report: Day of week",2022-01-20,2021-12-21,00+,DE-SN,106,FALSE,1,108.5745,108,1.84828510487816,1.4826,106,106,107,107,108,110,110,111,112,113,0.99992419797594,1797.76955327926,1654.49852184396,106,2022-01-20
"Independent by age, Reference: Week and day of week, Report: Day of week",2022-01-20,2021-12-22,00+,DE-SN,142,FALSE,1,145.297,145,2.251071891862,1.4826,142,142,143,144,145,147,147,148,150,151,1.00014939760634,1850.51247385507,1979.95230726448,143,2022-01-20
"Independent by age, Reference: Week and day of week, Report: Day of week",2022-01-20,2021-12-23,00+,DE-SN,94,FALSE,1,96.7915,96,1.93827402683458,1.4826,94,94,95,95,96,98,98,99,100,101,0.999861521623369,1847.45091740991,1711.62809498207,95,2022-01-20
"Independent by age, Reference: Week and day of week, Report: Day of week",2022-01-20,2021-12-24,00+,DE-SN,71,FALSE,1,74.1635,74,2.11234437281772,1.4826,71,71,72,73,74,75,76,77,78,79,0.999567959442795,1794.92118939404,1681.43042652682,72,2022-01-20
"Independent by age, Reference: Week and day of week, Report: Day of week",2022-01-20,2021-12-25,00+,DE-SN,32,FALSE,1,33.3555,33,1.26803931794559,1.4826,32,32,32,32,33,34,34,35,36,36,1.00028824774647,2051.85365534243,1903.9562474333,32,2022-01-20
"Independent by age, Reference: Week and day of week, Report: Day of week",2022-01-20,2021-12-26,00+,DE-SN,25,FALSE,1,26.57,26,1.3863841569043,1.4826,25,25,25,26,26,27,28,28,29,30,1.00002891845465,1944.82739094347,1952.37848297456,25,2022-01-20
"Independent by age, Reference: Week and day of week, Report: Day of week",2022-01-20,2021-12-27,00+,DE-SN,36,FALSE,1,38.4525,38,1.85646626241678,1.4826,36,36,37,37,38,39,40,41,42,43,1.00007359218937,1799.89742729059,1926.10734770113,36,2022-01-20
"Independent by age, Reference: Week and day of week, Report: Day of week",2022-01-20,2021-12-28,00+,DE-SN,89,FALSE,1,93.8535,93,2.74131266869976,2.9652,90,90,92,92,93,95,96,98,99,100,1.00109431973137,2014.61079721954,1901.02556407728,91,2022-01-20
"Independent by age, Reference: Week and day of week, Report: Day of week",2022-01-20,2021-12-29,00+,DE-SN,82,FALSE,1,86.713,86,2.67211547290724,2.9652,83,83,84,85,86,88,89,90,92,93,0.999996851929956,1927.88667131694,1853.62030439031,84,2022-01-20
"Independent by age, Reference: Week and day of week, Report: Day of week",2022-01-20,2021-12-30,00+,DE-SN,58,FALSE,1,62.034,62,2.4797012842739,2.9652,58,59,60,60,62,63,64,65,67,68,0.999950265732043,1870.4582754872,1816.41755131493,59,2022-01-20
"Independent by age, Reference: Week and day of week, Report: Day of week",2022-01-20,2021-12-31,00+,DE-SN,63,FALSE,1,68.6035,68,3.14837162227333,2.9652,64,64,66,66,68,70,71,73,74,76,0.999654168267748,2210.04942366083,1923.89008948778,65,2022-01-20
"Independent by age, Reference: Week and day of week, Report: Day of week",2022-01-20,2022-01-01,00+,DE-SN,30,FALSE,1,32.377,32,1.85461338165066,1.4826,30,30,31,31,32,33,34,35,36,37,1.00151314218875,2013.32202867611,2040.02616264862,30,2022-01-20
"Independent by age, Reference: Week and day of week, Report: Day of week",2022-01-20,2022-01-02,00+,DE-SN,28,FALSE,1,30.8385,31,1.99785221093262,1.4826,28,28,29,29,31,32,32,34,34,36,1.00020786276934,1914.69347899598,1614.78111309828,29,2022-01-20
"Independent by age, Reference: Week and day of week, Report: Day of week",2022-01-20,2022-01-03,00+,DE-SN,22,FALSE,1,25.1255,25,2.16843279822092,1.4826,22,22,23,23,25,26,27,28,29,30,0.999888713355947,1740.18560027658,1793.47962456385,23,2022-01-20
"Independent by age, Reference: Week and day of week, Report: Day of week",2022-01-20,2022-01-04,00+,DE-SN,87,FALSE,1,95.2915,95,3.82267369351394,4.4478,89,90,92,92,95,98,98,100,102,104,0.999406121237894,1655.87664717766,1926.86974627351,91,2022-01-20
"Independent by age, Reference: Week and day of week, Report: Day of week",2022-01-20,2022-01-05,00+,DE-SN,67,FALSE,1,73.337,73,3.46445265750711,2.9652,68,69,70,71,73,75,76,78,80,81,1.00095574458973,1936.38260728292,1732.16942420816,69,2022-01-20
"Independent by age, Reference: Week and day of week, Report: Day of week",2022-01-20,2022-01-06,00+,DE-SN,52,FALSE,1,57.633,57,3.10662784515367,2.9652,53,53,55,55,57,60,60,62,63,65,0.999888090537058,1782.09147442182,1444.31758036088,54,2022-01-20
"Independent by age, Reference: Week and day of week, Report: Day of week",2022-01-20,2022-01-07,00+,DE-SN,43,FALSE,1,49.416,49,3.35433596780234,2.9652,44,45,47,47,49,51,52,54,56,57,0.99949687188442,2227.31052412547,1916.40302368348,45,2022-01-20
"Independent by age, Reference: Week and day of week, Report: Day of week",2022-01-20,2022-01-08,00+,DE-SN,22,FALSE,1,24.922,24,2.23213064214481,1.4826,22,22,23,23,24,26,26,28,29,30,1.00034587532559,1695.30124443471,1927.2667445803,23,2022-01-20
"Independent by age, Reference: Week and day of week, Report: Day of week",2022-01-20,2022-01-09,00+,DE-SN,16,FALSE,1,19.2745,19,2.31210351440645,2.9652,16,16,17,18,19,21,21,22,24,25,1.003268496395,1379.99898960713,1868.70475032186,17,2022-01-20
"Independent by age, Reference: Week and day of week, Report: Day of week",2022-01-20,2022-01-10,00+,DE-SN,15,FALSE,1,18.646,18,2.51929701081757,2.9652,15,15,16,17,18,20,21,22,23,25,1.00149867807153,1900.2853898639,1882.80012515898,16,2022-01-20
"Independent by age, Reference: Week and day of week, Report: Day of week",2022-01-20,2022-01-11,00+,DE-SN,40,FALSE,1,45.5585,45,3.21788053345114,2.9652,41,41,43,43,45,47,48,50,52,53,0.999917373048401,2221.30197366251,1760.56074614284,42,2022-01-20
"Independent by age, Reference: Week and day of week, Report: Day of week",2022-01-20,2022-01-12,00+,DE-SN,26,FALSE,1,31.1155,31,3.23316972075727,2.9652,26,27,28,29,31,33,34,35.1000000000001,37.05,39,0.999667225091016,1909.68047580011,1805.61333180536,27,2022-01-20
"Independent by age, Reference: Week and day of week, Report: Day of week",2022-01-20,2022-01-13,00+,DE-SN,21,FALSE,1,25.912,25,3.17305690857768,2.9652,21,22,23,24,25,28,28,30,32,34,1.00124258282928,1633.59264188175,2002.24365854348,22,2022-01-20
"Independent by age, Reference: Week and day of week, Report: Day of week",2022-01-20,2022-01-14,00+,DE-SN,16,FALSE,1,22.4045,22,3.64945735959605,2.9652,17,17,19,20,22,24,25,27,29,31,1.00131231635341,1862.60941183517,1947.72680519752,18,2022-01-20
"Independent by age, Reference: Week and day of week, Report: Day of week",2022-01-20,2022-01-15,00+,DE-SN,17,FALSE,1,23.5055,23,4.00274664953581,2.9652,18,18,20,21,23,26,26,29,31,33,0.999506789475409,1850.50552945361,1684.92690131334,19,2022-01-20
"Independent by age, Reference: Week and day of week, Report: Day of week",2022-01-20,2022-01-16,00+,DE-SN,3,FALSE,1,7.878,7,3.31294488361955,2.9652,3,4,5,5,7,10,10,12,14,16,1.00173857188835,1715.23349904342,1830.1104144824,4,2022-01-20
"Independent by age, Reference: Week and day of week, Report: Day of week",2022-01-20,2022-01-17,00+,DE-SN,7,FALSE,1,13.891,13,4.21651615723836,4.4478,8,9,10,11,13,16,17,20,22,23,1.00011121841842,2128.73678149491,1919.32646618549,9,2022-01-20
"Independent by age, Reference: Week and day of week, Report: Day of week",2022-01-20,2022-01-18,00+,DE-SN,19,FALSE,1,33.624,32,7.59581939201546,5.9304,23,24,28,28,32,37,39,43,48,51.0249999999999,1.00087062839653,2214.85062246359,2029.45682925903,25,2022-01-20
"Independent by age, Reference: Week and day of week, Report: Day of week",2022-01-20,2022-01-19,00+,DE-SN,26,FALSE,1,58.8615,56,17.1959346310085,14.826,36,38,45,47,56,67,71,81,91,102.025,1.00049556925836,2246.72410138826,1959.56663831815,41,2022-01-20
"Independent by age, Reference: Week and day of week, Report: Day of week",2022-01-20,2022-01-20,00+,DE-SN,4,FALSE,1,38.2845,33,21.844934431812,16.3086,12,14,22,23,33,47,52,66,81,90,0.999899490209853,2151.77802832181,1854.68994953175,17,2022-01-20
"Independent by age, Reference: Week and day of week, Report: Day of week",2022-01-20,2021-12-12,00+,DE-ST,63,FALSE,1,63,63,0,0,63,63,63,63,63,63,63,63,63,63,,,,63,2022-01-20
"Independent by age, Reference: Week and day of week, Report: Day of week",2022-01-20,2021-12-13,00+,DE-ST,36,FALSE,1,36.022,36,0.153387626234781,0,36,36,36,36,36,36,36,36,36,36,0.999370818835354,2097.05520307888,2089.62241848659,36,2022-01-20
"Independent by age, Reference: Week and day of week, Report: Day of week",2022-01-20,2021-12-14,00+,DE-ST,65,FALSE,1,65.0585,65,0.249216380685944,0,65,65,65,65,65,65,65,65,66,66,0.999447389262381,1918.77512293154,1897.54577840004,65,2022-01-20
"Independent by age, Reference: Week and day of week, Report: Day of week",2022-01-20,2021-12-15,00+,DE-ST,92,FALSE,1,92.167,92,0.414966382432691,0,92,92,92,92,92,92,92,93,93,93,0.999813561981396,1987.51914272952,1988.29604433147,92,2022-01-20
"Independent by age, Reference: Week and day of week, Report: Day of week",2022-01-20,2021-12-16,00+,DE-ST,93,FALSE,1,93.3445,93,0.612378358228647,0,93,93,93,93,93,94,94,94,95,95,1.00032120529177,1861.03173524523,1675.27325674769,93,2022-01-20
"Independent by age, Reference: Week and day of week, Report: Day of week",2022-01-20,2021-12-17,00+,DE-ST,84,FALSE,1,84.396,84,0.67261445502052,0,84,84,84,84,84,85,85,85,86,86,1.00203301546071,1813.9054735067,1811.22868852613,84,2022-01-20
"Independent by age, Reference: Week and day of week, Report: Day of week",2022-01-20,2021-12-18,00+,DE-ST,50,FALSE,1,50.4945,50,0.794534702008885,0,50,50,50,50,50,51,51,52,52,53,0.999107887938374,1741.66209677703,1603.0034396075,50,2022-01-20
"Independent by age, Reference: Week and day of week, Report: Day of week",2022-01-20,2021-12-19,00+,DE-ST,49,FALSE,1,49.489,49,0.740373606051883,0,49,49,49,49,49,50,50,50,51,51,1.00018681106817,1565.30644961037,1796.47088269908,49,2022-01-20
"Independent by age, Reference: Week and day of week, Report: Day of week",2022-01-20,2021-12-20,00+,DE-ST,25,FALSE,1,25.4315,25,0.693936974272254,0,25,25,25,25,25,26,26,26,27,27,1.00103458675837,1870.52739238962,1894.65045890336,25,2022-01-20
"Independent by age, Reference: Week and day of week, Report: Day of week",2022-01-20,2021-12-21,00+,DE-ST,73,FALSE,1,73.8045,74,0.978651434022685,1.4826,73,73,73,73,74,74,74,75,76,76,1.00016780596596,1704.13290589976,1698.43977176966,73,2022-01-20
"Independent by age, Reference: Week and day of week, Report: Day of week",2022-01-20,2021-12-22,00+,DE-ST,67,FALSE,1,68.003,68,1.0632762003069,1.4826,67,67,67,67,68,69,69,69,70,71,1.00084487731418,1721.03814223835,1768.59858003758,67,2022-01-20
"Independent by age, Reference: Week and day of week, Report: Day of week",2022-01-20,2021-12-23,00+,DE-ST,71,FALSE,1,72.5145,72,1.3578334234371,1.4826,71,71,71,71,72,73,74,74,75,76,1.00011944451508,1977.75414649249,1784.36572567702,71,2022-01-20
"Independent by age, Reference: Week and day of week, Report: Day of week",2022-01-20,2021-12-24,00+,DE-ST,49,FALSE,1,50.1615,50,1.19085129777261,1.4826,49,49,49,49,50,51,51,52,52,53,1.00180039424472,2022.36940404758,1936.50916227706,49,2022-01-20
"Independent by age, Reference: Week and day of week, Report: Day of week",2022-01-20,2021-12-25,00+,DE-ST,35,FALSE,1,36.0395,36,1.12096745448608,1.4826,35,35,35,35,36,37,37,38,38,39,0.999542781850209,1690.9723404815,1615.51169778178,35,2022-01-20
"Independent by age, Reference: Week and day of week, Report: Day of week",2022-01-20,2021-12-26,00+,DE-ST,19,FALSE,1,19.7,19,0.900225084410172,0,19,19,19,19,19,20,20,21,21,22,1.00146761450122,1977.55187003175,1911.6427455799,19,2022-01-20
"Independent by age, Reference: Week and day of week, Report: Day of week",2022-01-20,2021-12-27,00+,DE-ST,14,FALSE,1,14.669,14,0.862444726027545,0,14,14,14,14,14,15,15,16,16,17,1.00057321360162,1961.36277363705,1859.47422409052,14,2022-01-20
"Independent by age, Reference: Week and day of week, Report: Day of week",2022-01-20,2021-12-28,00+,DE-ST,39,FALSE,1,40.26,40,1.25307026640419,1.4826,39,39,39,39,40,41,41,42,43,43,1.00001682445058,1961.07461120607,1986.6405837903,39,2022-01-20
"Independent by age, Reference: Week and day of week, Report: Day of week",2022-01-20,2021-12-29,00+,DE-ST,68,FALSE,1,70.087,70,1.66847922116391,1.4826,68,68,69,69,70,71,71,72,73,74,1.00133279384276,2034.68460026251,1994.02339627633,68,2022-01-20
"Independent by age, Reference: Week and day of week, Report: Day of week",2022-01-20,2021-12-30,00+,DE-ST,54,FALSE,1,56.796,56,2.060462752242,1.4826,54,54,55,55,56,58,58,59.1000000000001,61,62,1.00000215460896,1892.4530422935,1884.59791677464,54,2022-01-20
"Independent by age, Reference: Week and day of week, Report: Day of week",2022-01-20,2021-12-31,00+,DE-ST,45,FALSE,1,47.269,47,1.73728180616647,1.4826,45,45,46,46,47,48,49,50,50,51,0.999524706546898,2122.21170556531,2008.52111437387,45,2022-01-20
"Independent by age, Reference: Week and day of week, Report: Day of week",2022-01-20,2022-01-01,00+,DE-ST,24,FALSE,1,25.689,25,1.46947564775319,1.4826,24,24,24,25,25,26,27,28,28,29,0.999915604048237,2086.16470337441,1829.19774442335,24,2022-01-20
"Independent by age, Reference: Week and day of week, Report: Day of week",2022-01-20,2022-01-02,00+,DE-ST,9,FALSE,1,10.0545,10,1.08725379300566,1.4826,9,9,9,9,10,11,11,12,12,13,0.999323606431409,2012.45152681494,1859.95207633568,9,2022-01-20
"Independent by age, Reference: Week and day of week, Report: Day of week",2022-01-20,2022-01-03,00+,DE-ST,16,FALSE,1,17.3105,17,1.26921046229489,1.4826,16,16,16,16,17,18,18,19,20,20,0.999758166302238,2059.04036482902,1651.83757908986,16,2022-01-20
"Independent by age, Reference: Week and day of week, Report: Day of week",2022-01-20,2022-01-04,00+,DE-ST,51,FALSE,1,53.4965,53,1.84355284533608,1.4826,51,51,52,52,53,54,55,56,57,58,0.999455182727257,1887.53230578051,1903.47242582086,51,2022-01-20
"Independent by age, Reference: Week and day of week, Report: Day of week",2022-01-20,2022-01-05,00+,DE-ST,47,FALSE,1,50.4905,50,2.28856472800249,1.4826,47,47,49,49,50,52,52,53.1000000000001,55,56,1.00036519928792,2106.67168236485,1907.2925474004,48,2022-01-20
"Independent by age, Reference: Week and day of week, Report: Day of week",2022-01-20,2022-01-06,00+,DE-ST,47,FALSE,1,51.2575,51,2.71990674405359,2.9652,47,48,49,49,51,53,53,55,56,58,1.00045143943475,2224.60778090165,2067.38073106995,48,2022-01-20
"Independent by age, Reference: Week and day of week, Report: Day of week",2022-01-20,2022-01-07,00+,DE-ST,21,FALSE,1,23.7905,24,2.01981424264396,1.4826,21,21,22,22,24,25,25,26,28,28,0.999918353532232,2134.35896092915,1963.74988462005,21.9,2022-01-20
"Independent by age, Reference: Week and day of week, Report: Day of week",2022-01-20,2022-01-08,00+,DE-ST,17,FALSE,1,19.069,19,1.75264796449365,1.4826,17,17,18,18,19,20,20,21,22,23,1.00125579465829,1844.56659403057,1885.54332295052,17,2022-01-20
"Independent by age, Reference: Week and day of week, Report: Day of week",2022-01-20,2022-01-09,00+,DE-ST,14,FALSE,1,16.0815,16,1.74108398324675,1.4826,14,14,15,15,16,17,17,18,19,20,1.00011108007912,1794.23415205713,1963.02133083946,14,2022-01-20
"Independent by age, Reference: Week and day of week, Report: Day of week",2022-01-20,2022-01-10,00+,DE-ST,8,FALSE,1,9.8915,10,1.66286208242072,1.4826,8,8,8,9,10,11,11,12,13,14,1.00035435762646,1774.09210235243,1789.89195524153,8,2022-01-20
"Independent by age, Reference: Week and day of week, Report: Day of week",2022-01-20,2022-01-11,00+,DE-ST,25,FALSE,1,27.4985,27,1.96110191228176,1.4826,25,25,26,26,27,29,29,30,31,32,0.999839916070628,1492.27262662714,1563.96939125248,25,2022-01-20
"Independent by age, Reference: Week and day of week, Report: Day of week",2022-01-20,2022-01-12,00+,DE-ST,37,FALSE,1,41.1235,41,2.76605735418543,2.9652,37,38,39,39,41,43,43,45,46,48,1.00158678789231,1626.40024863105,1908.38365580156,38,2022-01-20
"Independent by age, Reference: Week and day of week, Report: Day of week",2022-01-20,2022-01-13,00+,DE-ST,14,FALSE,1,17.719,17,2.54111543102963,2.9652,14,14,16,16,17,19,20,21,22,24,1.00012520431297,1962.92545432746,2079.20930028942,15,2022-01-20
"Independent by age, Reference: Week and day of week, Report: Day of week",2022-01-20,2022-01-14,00+,DE-ST,14,FALSE,1,17.989,18,2.68616580712578,2.9652,14,14,16,16,18,20,20,22,23,24,0.999638544265032,2019.67826858345,2030.67661542313,15,2022-01-20
"Independent by age, Reference: Week and day of week, Report: Day of week",2022-01-20,2022-01-15,00+,DE-ST,24,FALSE,1,29.3305,29,3.31040014568666,2.9652,25,25,27,27,29,31,32,34,35,37,0.999474564701836,1716.66104438531,1711.56661658186,26,2022-01-20
"Independent by age, Reference: Week and day of week, Report: Day of week",2022-01-20,2022-01-16,00+,DE-ST,6,FALSE,1,10.3795,10,3.12815799412659,2.9652,6,6,8,8,10,12,13,14,16,18,0.999846491033428,1795.30389541195,1746.46664887055,7,2022-01-20
"Independent by age, Reference: Week and day of week, Report: Day of week",2022-01-20,2022-01-17,00+,DE-ST,5,FALSE,1,9.855,9,3.20594979016024,2.9652,5,6,7,8,9,12,12,14,16,17.0249999999999,1.00071218866686,1704.30406538667,1864.77701067229,6,2022-01-20
"Independent by age, Reference: Week and day of week, Report: Day of week",2022-01-20,2022-01-18,00+,DE-ST,16,FALSE,1,22.0675,21,3.8919811804214,2.9652,17,17,19,19,21,24,25,27,30,32,1.0013351707503,1543.83608926697,1976.47806378737,18,2022-01-20
"Independent by age, Reference: Week and day of week, Report: Day of week",2022-01-20,2022-01-19,00+,DE-ST,16,FALSE,1,25.9565,25,5.99596393766431,5.9304,18,18,21,22,25,29,30,34,38,41,1.00149976144795,1807.19480445676,1959.40040842807,20,2022-01-20
"Independent by age, Reference: Week and day of week, Report: Day of week",2022-01-20,2022-01-20,00+,DE-ST,4,FALSE,1,18.123,16,9.68001665087311,7.413,6,7,11,11,16,22,24,30,37,42,0.999776103693173,2241.64779765231,1972.74484798614,9,2022-01-20
"Independent by age, Reference: Week and day of week, Report: Day of week",2022-01-20,2021-12-12,00+,DE-TH,80,FALSE,1,80,80,0,0,80,80,80,80,80,80,80,80,80,80,,,,80,2022-01-20
"Independent by age, Reference: Week and day of week, Report: Day of week",2022-01-20,2021-12-13,00+,DE-TH,55,FALSE,1,55.041,55,0.205767271656701,0,55,55,55,55,55,55,55,55,55,56,0.999089314316738,1955.78404824019,1933.62730973686,55,2022-01-20
"Independent by age, Reference: Week and day of week, Report: Day of week",2022-01-20,2021-12-14,00+,DE-TH,123,FALSE,1,123.0935,123,0.31113687193346,0,123,123,123,123,123,123,123,123,124,124,0.999093406257265,2003.13903473074,1723.68544495795,123,2022-01-20
"Independent by age, Reference: Week and day of week, Report: Day of week",2022-01-20,2021-12-15,00+,DE-TH,121,FALSE,1,121.132,121,0.37635996520845,0,121,121,121,121,121,121,121,122,122,122,0.999995237496445,2058.49100635175,2039.13956081387,121,2022-01-20
"Independent by age, Reference: Week and day of week, Report: Day of week",2022-01-20,2021-12-16,00+,DE-TH,108,FALSE,1,108.27,108,0.530321242559786,0,108,108,108,108,108,108,109,109,109,110,0.999951062839028,1865.38884706679,1816.62980212829,108,2022-01-20
"Independent by age, Reference: Week and day of week, Report: Day of week",2022-01-20,2021-12-17,00+,DE-TH,97,FALSE,1,97.3625,97,0.62071442161158,0,97,97,97,97,97,98,98,98,99,99,0.999459557430355,1943.96373080762,1843.69627503868,97,2022-01-20
"Independent by age, Reference: Week and day of week, Report: Day of week",2022-01-20,2021-12-18,00+,DE-TH,98,FALSE,1,98.697,98,0.870959404991169,0,98,98,98,98,98,99,99,100,100,101,1.00046850336458,2060.561402015,1753.56044568869,98,2022-01-20
"Independent by age, Reference: Week and day of week, Report: Day of week",2022-01-20,2021-12-19,00+,DE-TH,73,FALSE,1,73.9015,74,0.981467976907473,1.4826,73,73,73,73,74,74,75,75,76,76,0.999563219618491,2063.84584183183,1921.10994852669,73,2022-01-20
"Independent by age, Reference: Week and day of week, Report: Day of week",2022-01-20,2021-12-20,00+,DE-TH,45,FALSE,1,45.6715,45,0.843174490607256,0,45,45,45,45,45,46,46,47,47,48,0.999549214039882,1918.10656237441,1906.61368225874,45,2022-01-20
"Independent by age, Reference: Week and day of week, Report: Day of week",2022-01-20,2021-12-21,00+,DE-TH,98,FALSE,1,98.779,99,0.918466542882863,1.4826,98,98,98,98,99,99,99,100,100,101,0.999878222546331,1900.22934007046,1941.12419772563,98,2022-01-20
"Independent by age, Reference: Week and day of week, Report: Day of week",2022-01-20,2021-12-22,00+,DE-TH,100,FALSE,1,100.756,101,0.924603399151691,1.4826,100,100,100,100,101,101,101,102,103,103,1.00009222545767,2072.47627625875,1542.89915833425,100,2022-01-20
"Independent by age, Reference: Week and day of week, Report: Day of week",2022-01-20,2021-12-23,00+,DE-TH,85,FALSE,1,86.0995,86,1.11589531819996,1.4826,85,85,85,85,86,87,87,88,88,89,1.00060005070271,2044.67111185094,1831.85643244464,85,2022-01-20
"Independent by age, Reference: Week and day of week, Report: Day of week",2022-01-20,2021-12-24,00+,DE-TH,68,FALSE,1,69.362,69,1.23479486522239,1.4826,68,68,68,68,69,70,70,71,72,72,1.0023355984615,1924.67695773664,1634.37655998625,68,2022-01-20
"Independent by age, Reference: Week and day of week, Report: Day of week",2022-01-20,2021-12-25,00+,DE-TH,46,FALSE,1,47.5365,47,1.31359450183747,1.4826,46,46,46,47,47,48,48,49,50,51,1.00049510800689,2003.17305225722,1960.15283760705,46,2022-01-20
"Independent by age, Reference: Week and day of week, Report: Day of week",2022-01-20,2021-12-26,00+,DE-TH,18,FALSE,1,18.952,19,1.04174786743706,1.4826,18,18,18,18,19,19,20,20,21,21,1.00034306282522,1960.58097655018,1996.88798202136,18,2022-01-20
"Independent by age, Reference: Week and day of week, Report: Day of week",2022-01-20,2021-12-27,00+,DE-TH,21,FALSE,1,21.914,22,1.00205092336992,1.4826,21,21,21,21,22,22,23,23,24,24,1.00006431025482,1967.89237284724,2014.83757653446,21,2022-01-20
"Independent by age, Reference: Week and day of week, Report: Day of week",2022-01-20,2021-12-28,00+,DE-TH,72,FALSE,1,73.7325,74,1.37473222641618,1.4826,72,72,73,73,74,74,75,76,76,77,1.00033933667625,1949.80261831533,1848.77538395609,72,2022-01-20
"Independent by age, Reference: Week and day of week, Report: Day of week",2022-01-20,2021-12-29,00+,DE-TH,94,FALSE,1,96.626,96,1.75916779633662,1.4826,94,94,95,95,96,98,98,99,100,101,1.00207060281464,2226.52144191959,1950.797160886,95,2022-01-20
"Independent by age, Reference: Week and day of week, Report: Day of week",2022-01-20,2021-12-30,00+,DE-TH,78,FALSE,1,81.4275,81,2.09139444279593,1.4826,78,79,80,80,81,83,83,84,85,86,1.00051090588576,1811.12422525414,1797.58840773968,79,2022-01-20
"Independent by age, Reference: Week and day of week, Report: Day of week",2022-01-20,2021-12-31,00+,DE-TH,59,FALSE,1,62.5165,62,2.14849616427024,1.4826,59,60,61,61,62,64,64,65,66,67,1.00117777394917,1928.50987734462,2061.13808363625,60,2022-01-20
"Independent by age, Reference: Week and day of week, Report: Day of week",2022-01-20,2022-01-01,00+,DE-TH,42,FALSE,1,45.7605,45,2.14905769454597,1.4826,42,43,44,44,45,47,47,49,50,51,1.00082128848417,2119.0055382491,2073.7471969659,43,2022-01-20
"Independent by age, Reference: Week and day of week, Report: Day of week",2022-01-20,2022-01-02,00+,DE-TH,31,FALSE,1,33.7755,34,1.83324306628173,1.4826,31,31,32,32,34,35,35,36,37,38,1.00011587998762,2117.50398504881,1988.45186113799,32,2022-01-20
"Independent by age, Reference: Week and day of week, Report: Day of week",2022-01-20,2022-01-03,00+,DE-TH,23,FALSE,1,25.155,25,1.58878479302871,1.4826,23,23,24,24,25,26,26,27,28,29,1.00203877926171,1747.42498756466,1937.55549573025,23,2022-01-20
"Independent by age, Reference: Week and day of week, Report: Day of week",2022-01-20,2022-01-04,00+,DE-TH,52,FALSE,1,54.843,55,1.88895078483632,1.4826,52,52,53,53,55,56,56,57,58,59,1.00178844614486,2122.74691970461,1967.19096351462,53,2022-01-20
"Independent by age, Reference: Week and day of week, Report: Day of week",2022-01-20,2022-01-05,00+,DE-TH,56,FALSE,1,60.08,60,2.43814935681616,2.9652,56,57,58,58,60,61,62,63,65,66,0.999921347385368,1843.66004562688,1754.7266386122,57,2022-01-20
"Independent by age, Reference: Week and day of week, Report: Day of week",2022-01-20,2022-01-06,00+,DE-TH,50,FALSE,1,54.9385,55,2.57818565480365,2.9652,51,51,53,53,55,57,57,58,60,61,1.00189119567047,1837.93651311812,1685.030767262,52,2022-01-20
"Independent by age, Reference: Week and day of week, Report: Day of week",2022-01-20,2022-01-07,00+,DE-TH,39,FALSE,1,43.72,43,2.55124566187061,2.9652,40,40,42,42,43,45,46,47,48,49,1.00016365504943,1693.10537243554,1954.43547731079,41,2022-01-20
"Independent by age, Reference: Week and day of week, Report: Day of week",2022-01-20,2022-01-08,00+,DE-TH,23,FALSE,1,26.711,26,2.17665980896464,1.4826,23,24,25,25,26,28,28,30,31,32,0.999711223091788,1886.32613996813,2071.61043605211,24,2022-01-20
"Independent by age, Reference: Week and day of week, Report: Day of week",2022-01-20,2022-01-09,00+,DE-TH,19,FALSE,1,22.376,22,2.05103080515185,1.4826,19,19.95,21,21,22,24,24,25,26,27,0.999327665820798,2094.01056579733,1961.51363961988,20,2022-01-20
"Independent by age, Reference: Week and day of week, Report: Day of week",2022-01-20,2022-01-10,00+,DE-TH,11,FALSE,1,13.373,13,1.69065080666442,1.4826,11,11,12,12,13,14,15,16,17,17,0.999965982245334,2018.73932354586,1798.74364093596,11,2022-01-20
"Independent by age, Reference: Week and day of week, Report: Day of week",2022-01-20,2022-01-11,00+,DE-TH,24,FALSE,1,26.8,27,1.8667464667666,1.4826,24,24,25,25,27,28,28,29,30,31,1.00125680428265,1969.94438697518,1863.5374191247,25,2022-01-20
"Independent by age, Reference: Week and day of week, Report: Day of week",2022-01-20,2022-01-12,00+,DE-TH,26,FALSE,1,30.1485,30,2.46322583023672,2.9652,26,27,28,28,30,32,32,33,35,36,1.00025633473674,1701.8626564951,1908.41693202401,27,2022-01-20
"Independent by age, Reference: Week and day of week, Report: Day of week",2022-01-20,2022-01-13,00+,DE-TH,20,FALSE,1,24.422,24,2.49078662454344,2.9652,20,21,22,23,24,26,26,28,29,30,0.999446838913748,2094.98850177918,1776.4551857597,21,2022-01-20
"Independent by age, Reference: Week and day of week, Report: Day of week",2022-01-20,2022-01-14,00+,DE-TH,17,FALSE,1,22.183,22,2.82019285579407,2.9652,18,18,20,20,22,24,24,26,27,29,1.00299737989484,1804.10162694273,1561.55004131696,19,2022-01-20
"Independent by age, Reference: Week and day of week, Report: Day of week",2022-01-20,2022-01-15,00+,DE-TH,17,FALSE,1,23.135,23,3.22210583050767,2.9652,18,19,20,21,23,25,26,27,29,30,1.00021570095691,1937.86498147523,1865.26480884557,19,2022-01-20
"Independent by age, Reference: Week and day of week, Report: Day of week",2022-01-20,2022-01-16,00+,DE-TH,10,FALSE,1,14.8215,15,2.60269567225621,2.9652,11,11,13,13,15,16,17,18,20,21,0.999769038565612,2118.83863102432,1863.17744491494,12,2022-01-20
"Independent by age, Reference: Week and day of week, Report: Day of week",2022-01-20,2022-01-17,00+,DE-TH,1,FALSE,1,4.617,4,2.25385246310905,1.4826,1,2,3,3,4,6,6,8,9,10,1.00105406754625,1834.42029363898,1884.8611607365,2,2022-01-20
"Independent by age, Reference: Week and day of week, Report: Day of week",2022-01-20,2022-01-18,00+,DE-TH,30,FALSE,1,37.3705,37,3.69297289109834,2.9652,31,32,34,35,37,39,40,42,44,45,1.00170559799458,1790.5061001019,1537.55263654656,33,2022-01-20
"Independent by age, Reference: Week and day of week, Report: Day of week",2022-01-20,2022-01-19,00+,DE-TH,16,FALSE,1,27.3925,27,6.1297822853208,5.9304,18,19,22,23,27,31,32,35,39,42,1.00005838182872,1741.08475927009,1621.21670743479,20,2022-01-20
"Independent by age, Reference: Week and day of week, Report: Day of week",2022-01-20,2022-01-20,00+,DE-TH,9,FALSE,1,24.614,23,8.63853669078734,7.413,13,14,18,19,23,29,30,35,41,46,0.999474547006666,2578.90405385897,1683.75081396424,15,2022-01-20
